9.99775353          0 
10.01793696          0 
10.0381204     0.0058 
10.05830383          0 
10.07848726    0.00083 
10.0986707   -0.00055 
10.11885413          0 
10.13903756   -0.00276 
 10.159221    0.00415 
10.17940443    0.00795 
10.19958786    0.00532 
10.2197713          0 
10.23995473    0.01941 
10.26013816    0.02225 
10.2803216    0.01918 
10.30050503    0.00851 
10.32068846    0.02205 
10.3408719    0.05149 
10.36105533    0.10162 
10.38123876     0.0915 
10.4014222    0.04857 
10.42160563          0 
10.44178906          0 
10.4619725    0.01652 
10.48215593    0.02913 
10.50233936    0.06995 
10.5225228    0.06237 
10.54270623    0.04977 
10.56288966    0.03548 
10.5830731    0.04376 
10.60325653    0.02582 
10.62343996    0.04259 
10.6436234    0.07249 
10.66380683    0.08891 
10.68399026     0.0583 
10.7041737    0.07144 
10.72435713    0.03641 
10.74454057          0 
 10.764724    0.02012 
10.78490743    0.02589 
10.80509087    0.02146 
10.8252743    0.03688 
10.84545773    0.03079 
10.86564117   -0.00068 
10.8858246    0.03332 
10.90600803     0.0908 
10.92619147    0.07534 
10.9463749     0.1157 
10.96655833    0.11752 
10.98674177    0.08293 
11.0069252    0.07585 
11.02710863    0.06653 
11.04729207     0.0075 
11.0674755    0.01722 
11.08765893    0.05588 
11.10784237    0.06721 
11.1280258    0.03569 
11.14820923    0.05564 
11.16839267    0.08175 
11.1885761    0.08932 
11.20875953    0.10309 
11.22894297    0.10615 
11.2491264    0.05909 
11.26930983    0.06577 
11.28949327     0.1071 
11.3096767    0.13268 
11.32986013     0.0942 
11.35004357    0.06637 
 11.370227    0.05706 
11.39041043    0.07459 
11.41059387    0.09611 
11.4307773    0.13949 
11.45096073    0.11201 
11.47114417    0.08603 
11.4913276    0.08247 
11.51151103    0.05671 
11.53169447    0.06357 
11.5518779     0.1032 
11.57206133    0.06449 
11.59224477     0.0938 
11.6124282    0.06751 
11.63261163    0.05262 
11.65279507    0.11919 
11.6729785    0.10847 
11.69316193     0.0895 
11.71334537    0.12095 
11.7335288    0.09122 
11.75371223    0.09007 
11.77389567    0.07747 
11.7940791    0.03421 
11.81426253    0.03037 
11.83444597    0.04909 
11.8546294    0.02065 
11.87481283    0.03289 
11.89499627    0.05185 
11.9151797    0.06486 
11.93536313     0.0277 
11.95554657    0.04491 
  11.97573    0.04225 
11.99591343     0.0376 
12.01609687    0.08452 
12.0362803    0.07594 
12.05646373    0.05677 
12.07664717    0.06739 
12.0968306    0.07576 
12.11701403    0.07366 
12.13719747    0.09449 
12.1573809    0.04997 
12.17756434    0.07723 
12.19774777      0.066 
12.2179312    0.07275 
12.23811464    0.07785 
12.25829807    0.06893 
12.2784815    0.05669 
12.29866494    0.07099 
12.31884837    0.03308 
12.3390318    0.05016 
12.35921524    0.02787 
12.37939867    0.02284 
12.3995821    0.04881 
12.41976554     0.0447 
12.43994897    0.05292 
12.4601324    0.07904 
12.48031584    0.07431 
12.50049927    0.06493 
12.5206827    0.03659 
12.54086614    0.01497 
12.56104957    0.02803 
 12.581233     0.0293 
12.60141644    0.04945 
12.62159987    0.06774 
12.6417833    0.05147 
12.66196674    0.05599 
12.68215017    0.05943 
12.7023336    0.05431 
12.72251704    0.09055 
12.74270047    0.07806 
12.7628839    0.08032 
12.78306734    0.10035 
12.80325077    0.08497 
12.8234342     0.0518 
12.84361764    0.04494 
12.86380107          0 
12.8839845    0.01506 
12.90416794    0.04573 
12.92435137     0.0635 
12.9445348    0.04096 
12.96471824    0.03703 
12.98490167    0.03264 
13.0050851    0.05497 
13.02526854     0.0619 
13.04545197    0.09635 
13.0656354    0.06378 
13.08581884    0.04993 
13.10600227    0.05767 
13.1261857    0.07754 
13.14636914    0.05752 
13.16655257     0.0766 
 13.186736    0.05633 
13.20691944    0.03504 
13.22710287    0.02982 
13.2472863    0.02993 
13.26746974    0.00753 
13.28765317    0.00893 
13.3078366    0.04741 
13.32802004     0.0535 
13.34820347    0.04859 
13.3683869    0.02623 
13.38857034    0.01963 
13.40875377    0.04361 
13.4289372    0.09566 
13.44912064    0.08577 
13.46930407    0.09096 
13.4894875    0.05694 
13.50967094    0.01276 
13.52985437    0.01629 
13.5500378    0.04806 
13.57022124    0.02897 
13.59040467    0.04116 
13.61058811    0.03519 
13.63077154    0.00112 
13.65095497    0.00795 
13.67113841    0.02452 
13.69132184    0.01312 
13.71150527    0.02222 
13.73168871    0.03531 
13.75187214    0.02675 
13.77205557    0.06639 
13.79223901    0.05527 
13.81242244    0.04761 
13.83260587    0.06852 
13.85278931    0.06897 
13.87297274    0.04951 
13.89315617    0.04694 
13.91333961    0.04626 
13.93352304    0.04473 
13.95370647    0.05268 
13.97388991    0.07024 
13.99407334    0.06017 
14.01425677    0.04804 
14.03444021    0.05397 
14.05462364    0.02987 
14.07480707          0 
14.09499051    0.01925 
14.11517394    0.01301 
14.13535737    0.03075 
14.15554081       0.05 
14.17572424    0.05931 
14.19590767    0.04985 
14.21609111    0.03382 
14.23627454    0.03442 
14.25645797    0.02357 
14.27664141    0.03325 
14.29682484    0.02867 
14.31700827    0.03226 
14.33719171     0.0193 
14.35737514    0.04039 
14.37755857    0.04422 
14.39774201    0.03814 
14.41792544    0.01721 
14.43810887    0.00907 
14.45829231   -0.00128 
14.47847574    0.00968 
14.49865917    0.04002 
14.51884261    0.04003 
14.53902604    0.03277 
14.55920947    0.01727 
14.57939291    0.01687 
14.59957634    0.02514 
14.61975977    0.06689 
14.63994321    0.06719 
14.66012664    0.05641 
14.68031007    0.03127 
14.70049351    0.02134 
14.72067694          0 
14.74086037    0.04177 
14.76104381     0.0539 
14.78122724    0.04731 
14.80141067    0.03473 
14.82159411     0.0154 
14.84177754          0 
14.86196097    0.00197 
14.88214441    0.00794 
14.90232784    0.01914 
14.92251127     0.0416 
14.94269471    0.04683 
14.96287814    0.03835 
14.98306157    0.03248 
15.00324501    0.05366 
15.02342844    0.04389 
15.04361188    0.03645 
15.06379531    0.01746 
15.08397874    0.01361 
15.10416218    0.01963 
15.12434561    0.02534 
15.14452904    0.02893 
15.16471248    0.03233 
15.18489591     0.0225 
15.20507934    0.01581 
15.22526278    0.03773 
15.24544621    0.09234 
15.26562964    0.11027 
15.28581308    0.06443 
15.30599651    0.02365 
15.32617994          0 
15.34636338    0.00253 
15.36654681    0.05599 
15.38673024    0.08064 
15.40691368    0.05469 
15.42709711    0.02437 
15.44728054    0.00378 
15.46746398          0 
15.48764741     0.0088 
15.50783084    0.02368 
15.52801428    0.01381 
15.54819771    0.00162 
15.56838114    0.00611 
15.58856458     0.0186 
15.60874801    0.02998 
15.62893144     0.0181 
15.64911488    0.01024 
15.66929831    0.00304 
15.68948174      0.011 
15.70966518    0.04622 
15.72984861      0.077 
15.75003204    0.07368 
15.77021548    0.07413 
15.79039891    0.05293 
15.81058234    0.03644 
15.83076578    0.04413 
15.85094921    0.06034 
15.87113264    0.03774 
15.89131608    0.04031 
15.91149951    0.06343 
15.93168294    0.06603 
15.95186638    0.09713 
15.97204981    0.09846 
15.99223324    0.04823 
16.01241668    0.02789 
16.03260011    0.04786 
16.05278354    0.05686 
16.07296698    0.06772 
16.09315041    0.03001 
16.11333384          0 
16.13351728    0.00369 
16.15370071    0.01867 
16.17388414    0.04087 
16.19406758    0.02892 
16.21425101    0.01169 
16.23443444    0.01561 
16.25461788    0.02887 
16.27480131    0.03824 
16.29498474     0.0365 
16.31516818    0.03039 
16.33535161    0.03267 
16.35553504    0.01586 
16.37571848    0.02406 
16.39590191    0.05154 
16.41608534    0.06131 
16.43626878     0.0748 
16.45645221    0.06001 
16.47663564    0.03205 
16.49681908    0.02886 
16.51700251    0.04698 
16.53718595    0.09279 
16.55736938    0.10055 
16.57755281     0.0682 
16.59773625    0.04786 
16.61791968    0.05029 
16.63810311     0.0809 
16.65828655    0.09288 
16.67846998    0.06745 
16.69865341    0.03255 
16.71883685    0.05031 
16.73902028    0.08639 
16.75920371    0.09405 
16.77938715    0.03871 
16.79957058    0.01972 
16.81975401    0.03151 
16.83993745     0.0604 
16.86012088    0.06027 
16.88030431    0.07622 
16.90048775    0.05442 
16.92067118    0.05816 
16.94085461    0.05184 
16.96103805    0.03875 
16.98122148    0.03149 
17.00140491    0.04788 
17.02158835    0.05672 
17.04177178    0.04593 
17.06195521    0.06658 
17.08213865    0.09655 
17.10232208    0.07075 
17.12250551    0.02384 
17.14268895    0.01165 
17.16287238    0.02525 
17.18305581    0.07136 
17.20323925    0.07271 
17.22342268    0.05286 
17.24360611    0.04935 
17.26378955    0.05191 
17.28397298    0.08095 
17.30415641    0.05624 
17.32433985    0.02894 
17.34452328     0.0335 
17.36470671    0.04366 
17.38489015    0.04196 
17.40507358    0.03768 
17.42525701    0.06452 
17.44544045    0.07817 
17.46562388    0.05745 
17.48580731    0.02177 
17.50599075    0.01207 
17.52617418    0.02048 
17.54635761    0.05753 
17.56654105    0.07549 
17.58672448    0.07685 
17.60690791    0.09328 
17.62709135    0.09189 
17.64727478     0.0603 
17.66745821    0.01382 
17.68764165    0.02125 
17.70782508    0.02731 
17.72800851    0.03571 
17.74819195      0.027 
17.76837538    0.00454 
17.78855881    0.00974 
17.80874225     0.0269 
17.82892568    0.04317 
17.84910911    0.05129 
17.86929255    0.04219 
17.88947598    0.06302 
17.90965941    0.07176 
17.92984285    0.03148 
17.95002628    0.01207 
17.97020972    0.01051 
17.99039315   -0.01433 
18.01057658    0.00972 
18.03076002    0.03566 
18.05094345    0.06318 
18.07112688    0.05933 
18.09131032    0.04843 
18.11149375     0.0684 
18.13167718    0.09529 
18.15186062    0.07937 
18.17204405    0.04158 
18.19222748          0 
18.21241092          0 
18.23259435    0.03825 
18.25277778    0.05699 
18.27296122    0.07343 
18.29314465    0.07969 
18.31332808    0.05011 
18.33351152    0.06636 
18.35369495    0.08093 
18.37387838    0.06756 
18.39406182    0.07003 
18.41424525    0.06511 
18.43442868     0.0208 
18.45461212    0.01052 
18.47479555    0.03209 
18.49497898    0.06246 
18.51516242     0.0766 
18.53534585     0.0466 
18.55552928    0.03726 
18.57571272     0.0267 
18.59589615    0.04805 
18.61607958    0.04914 
18.63626302    0.05546 
18.65644645    0.02287 
18.67662988    0.01306 
18.69681332    0.02434 
18.71699675    0.04079 
18.73718018    0.05533 
18.75736362    0.07212 
18.77754705    0.07407 
18.79773048    0.06076 
18.81791392    0.06283 
18.83809735    0.03642 
18.85828078    0.04281 
18.87846422    0.04093 
18.89864765    0.05473 
18.91883108    0.04858 
18.93901452    0.07114 
18.95919795    0.07689 
18.97938138    0.06165 
18.99956482    0.04548 
19.01974825    0.06434 
19.03993168    0.06174 
19.06011512    0.08593 
19.08029855    0.12481 
19.10048198    0.08981 
19.12066542    0.04396 
19.14084885    0.04365 
19.16103228    0.03166 
19.18121572    0.02794 
19.20139915    0.05715 
19.22158258    0.03301 
19.24176602    0.04109 
19.26194945    0.04863 
19.28213288    0.05668 
19.30231632    0.05818 
19.32249975    0.06241 
19.34268318     0.0609 
19.36286662    0.11445 
19.38305005    0.09066 
19.40323349    0.06607 
19.42341692    0.04321 
19.44360035    0.09353 
19.46378379    0.11895 
19.48396722    0.15122 
19.50415065    0.10078 
19.52433409    0.03629 
19.54451752          0 
19.56470095    0.03847 
19.58488439    0.03397 
19.60506782    0.05987 
19.62525125    0.07827 
19.64543469    0.05838 
19.66561812    0.03118 
19.68580155     0.0367 
19.70598499    0.05679 
19.72616842     0.0712 
19.74635185    0.07447 
19.76653529    0.04766 
19.78671872    0.03491 
19.80690215    0.03521 
19.82708559    0.04009 
19.84726902    0.03514 
19.86745245    0.05714 
19.88763589    0.07559 
19.90781932    0.08625 
19.92800275    0.06326 
19.94818619    0.04004 
19.96836962     0.0444 
19.98855305    0.06808 
20.00873649     0.0512 
20.02891992    0.03867 
20.04910335    0.02081 
20.06928679    0.03147 
20.08947022     0.0503 
20.10965365    0.04228 
20.12983709    0.02396 
20.15002052    0.06011 
20.17020395    0.08948 
20.19038739    0.11257 
20.21057082    0.09565 
20.23075425    0.06004 
20.25093769    0.05412 
20.27112112    0.05065 
20.29130455    0.05937 
20.31148799    0.04625 
20.33167142    0.03512 
20.35185485    0.04136 
20.37203829    0.06167 
20.39222172    0.03526 
20.41240515     0.0117 
20.43258859          0 
20.45277202          0 
20.47295545    0.02716 
20.49313889    0.04828 
20.51332232    0.05449 
20.53350575    0.05434 
20.55368919    0.05128 
20.57387262    0.02932 
20.59405605    0.02778 
20.61423949    0.02015 
20.63442292    0.04746 
20.65460635    0.08635 
20.67478979    0.12239 
20.69497322    0.09012 
20.71515665    0.03739 
20.73534009          0 
20.75552352          0 
20.77570695    0.03424 
20.79589039     0.0895 
20.81607382    0.09575 
20.83625726     0.0853 
20.85644069    0.06125 
20.87662412    0.04728 
20.89680756    0.04089 
20.91699099     0.0415 
20.93717442    0.02727 
20.95735786    0.02208 
20.97754129    0.02202 
20.99772472    0.05057 
21.01790816    0.05045 
21.03809159    0.06182 
21.05827502    0.03993 
21.07845846    0.03048 
21.09864189    0.02308 
21.11882532    0.04284 
21.13900876    0.05129 
21.15919219    0.05854 
21.17937562    0.05391 
21.19955906    0.06079 
21.21974249    0.04897 
21.23992592    0.02932 
21.26010936    0.03185 
21.28029279    0.03919 
21.30047622    0.06084 
21.32065966    0.05989 
21.34084309    0.03446 
21.36102652          0 
21.38120996    0.00066 
21.40139339    0.05021 
21.42157682    0.09934 
21.44176026     0.1311 
21.46194369    0.12199 
21.48212712    0.09966 
21.50231056    0.06745 
21.52249399     0.0569 
21.54267742    0.02112 
21.56286086    0.01748 
21.58304429          0 
21.60322772    0.01592 
21.62341116    0.05781 
21.64359459      0.081 
21.66377802    0.05946 
21.68396146    0.03271 
21.70414489    0.00302 
21.72432832     0.0268 
21.74451176    0.06506 
21.76469519    0.08477 
21.78487862    0.05942 
21.80506206          0 
21.82524549          0 
21.84542892    0.03829 
21.86561236    0.04327 
21.88579579    0.06065 
21.90597922    0.04148 
21.92616266    0.02929 
21.94634609    0.05525 
21.96652952    0.07413 
21.98671296    0.05364 
22.00689639    0.06298 
22.02707982    0.05359 
22.04726326     0.0647 
22.06744669    0.07074 
22.08763012    0.04022 
22.10781356    0.00733 
22.12799699    0.00926 
22.14818042    0.02967 
22.16836386    0.07479 
22.18854729     0.0925 
22.20873072    0.07097 
22.22891416    0.03003 
22.24909759    0.04875 
22.26928103    0.07668 
22.28946446    0.12496 
22.30964789    0.10196 
22.32983133    0.07663 
22.35001476    0.02413 
22.37019819    0.03806 
22.39038163    0.03572 
22.41056506    0.05351 
22.43074849    0.04353 
22.45093193    0.08242 
22.47111536    0.06912 
22.49129879    0.06337 
22.51148223    0.04275 
22.53166566    0.01434 
22.55184909    0.01981 
22.57203253     0.0604 
22.59221596    0.06306 
22.61239939    0.06652 
22.63258283    0.07444 
22.65276626    0.06068 
22.67294969     0.0586 
22.69313313     0.0484 
22.71331656    0.03095 
22.73349999    0.02895 
22.75368343    0.03126 
22.77386686    0.03381 
22.79405029    0.05379 
22.81423373    0.07527 
22.83441716    0.09529 
22.85460059    0.09055 
22.87478403    0.07921 
22.89496746    0.05143 
22.91515089    0.04014 
22.93533433    0.05799 
22.95551776     0.0721 
22.97570119    0.06802 
22.99588463    0.07677 
23.01606806     0.0745 
23.03625149    0.06885 
23.05643493    0.08757 
23.07661836    0.09706 
23.09680179    0.07129 
23.11698523    0.04304 
23.13716866    0.04809 
23.15735209    0.07321 
23.17753553    0.10696 
23.19771896    0.13023 
23.21790239    0.07612 
23.23808583    0.00209 
23.25826926          0 
23.27845269    0.00042 
23.29863613    0.03717 
23.31881956    0.05696 
23.33900299    0.05858 
23.35918643    0.04634 
23.37936986    0.06463 
23.39955329    0.08164 
23.41973673    0.07796 
23.43992016    0.03418 
23.46010359    0.02235 
23.48028703    0.04473 
23.50047046    0.07412 
23.52065389    0.10258 
23.54083733    0.05581 
23.56102076    0.01992 
23.58120419    0.02862 
23.60138763    0.05045 
23.62157106    0.08767 
23.64175449    0.06999 
23.66193793    0.02786 
23.68212136    0.03104 
23.7023048    0.07845 
23.72248823    0.10167 
23.74267166    0.12628 
23.7628551    0.07313 
23.78303853    0.05769 
23.80322196    0.02666 
23.8234054    0.05674 
23.84358883    0.07796 
23.86377226    0.08459 
23.8839557    0.06447 
23.90413913    0.04286 
23.92432256    0.00788 
 23.944506    0.03038 
23.96468943    0.04903 
23.98487286    0.06412 
24.0050563    0.05085 
24.02523973    0.00414 
24.04542316          0 
24.0656066    0.01936 
24.08579003    0.05306 
24.10597346    0.10579 
24.1261569    0.10351 
24.14634033    0.07278 
24.16652376    0.04408 
24.1867072     0.0524 
24.20689063    0.05978 
24.22707406    0.08606 
24.2472575    0.09882 
24.26744093     0.0901 
24.28762436    0.10023 
24.3078078    0.11033 
24.32799123    0.12303 
24.34817466    0.12654 
24.3683581    0.18667 
24.38854153    0.22106 
24.40872496    0.31439 
24.4289084    0.34817 
24.44909183    0.40707 
24.46927526     0.4442 
24.4894587    0.53716 
24.50964213    0.55259 
24.52982556    0.57893 
 24.550009    0.51918 
24.57019243    0.49323 
24.59037586    0.49172 
24.6105593    0.56565 
24.63074273    0.61885 
24.65092616    0.67206 
24.6711096    0.66086 
24.69129303    0.66275 
24.71147646    0.62368 
24.7316599    0.60776 
24.75184333    0.57196 
24.77202676    0.71514 
24.7922102    0.85897 
24.81239363    1.06235 
24.83257706    1.10561 
24.8527605    1.12977 
24.87294393    1.07934 
24.89312736    1.25048 
24.9133108     1.3798 
24.93349423    1.57744 
24.95367766    1.60204 
24.9738611    1.73135 
24.99404453    1.87359 
25.01422796    2.21534 
25.0344114    2.50589 
25.05459483    2.93215 
25.07477826    3.22835 
25.0949617    3.78991 
25.11514513    4.68526 
25.13532857    6.18677 
 25.155512    8.36316 
25.17569543   12.23007 
25.19587887   18.44143 
25.2160623   29.21557 
25.23624573   45.55634 
25.25642917   66.58435 
25.2766126   87.19268 
25.29679603        100 
25.31697947   97.85912 
25.3371629     81.405 
25.35734633   57.40597 
25.37752977   35.38338 
25.3977132   20.38657 
25.41789663   12.57046 
25.43808007    8.13656 
25.4582635    5.25345 
25.47844693    3.33994 
25.49863037    2.81957 
25.5188138     2.9986 
25.53899723    3.15946 
25.55918067    2.72994 
25.5793641    2.10084 
25.59954753    1.58318 
25.61973097    1.35324 
25.6399144    1.42371 
25.66009783      1.479 
25.68028127    1.31459 
25.7004647    1.00611 
25.72064813    0.84176 
25.74083157    0.72682 
 25.761015    0.72626 
25.78119843    0.72634 
25.80138187    0.62792 
25.8215653    0.55744 
25.84174873    0.55867 
25.86193217    0.57836 
25.8821156    0.59293 
25.90229903    0.55219 
25.92248247    0.46035 
25.9426659    0.36634 
25.96284933    0.35116 
25.98303277     0.3869 
26.0032162    0.43488 
26.02339963    0.47014 
26.04358307    0.45963 
26.0637665     0.3756 
26.08394993    0.30552 
26.10413337    0.26118 
26.1243168    0.27158 
26.14450023    0.26269 
26.16468367    0.29824 
26.1848671    0.32319 
26.20505053    0.37642 
26.22523397    0.39282 
26.2454174    0.37836 
26.26560083    0.28614 
26.28578427      0.216 
26.3059677    0.15985 
26.32615113    0.16506 
26.34633457     0.2125 
 26.366518     0.2729 
26.38670143    0.28731 
26.40688487    0.24301 
26.4270683    0.20711 
26.44725173      0.177 
26.46743517    0.17874 
26.4876186    0.17744 
26.50780203    0.20816 
26.52798547    0.20323 
26.5481689    0.23367 
26.56835233    0.25755 
26.58853577    0.23686 
26.6087192    0.17119 
26.62890264    0.15494 
26.64908607    0.16257 
26.6692695    0.17654 
26.68945294    0.24284 
26.70963637    0.26864 
26.7298198    0.27784 
26.75000324    0.24319 
26.77018667    0.20899 
26.7903701    0.18658 
26.81055354     0.1818 
26.83073697    0.15233 
26.8509204    0.13408 
26.87110384    0.08427 
26.89128727    0.10506 
26.9114707    0.15074 
26.93165414    0.17073 
26.95183757    0.15969 
 26.972021    0.14358 
26.99220444     0.1141 
27.01238787    0.13119 
27.0325713    0.17158 
27.05275474    0.22067 
27.07293817    0.24065 
27.0931216     0.2203 
27.11330504    0.15484 
27.13348847    0.08454 
27.1536719    0.08843 
27.17385534    0.12366 
27.19403877    0.16346 
27.2142222    0.16104 
27.23440564    0.10892 
27.25458907    0.07365 
27.2747725    0.06003 
27.29495594    0.07937 
27.31513937    0.17032 
27.3353228    0.20502 
27.35550624    0.24873 
27.37568967    0.27513 
27.3958731    0.24902 
27.41605654    0.19988 
27.43623997    0.19244 
27.4564234    0.13319 
27.47660684    0.17774 
27.49679027    0.17348 
27.5169737    0.17742 
27.53715714    0.16295 
27.55734057    0.15579 
 27.577524    0.13457 
27.59770744    0.12339 
27.61789087    0.07446 
27.6380743    0.05509 
27.65825774    0.09808 
27.67844117    0.14711 
27.6986246    0.17623 
27.71880804    0.15159 
27.73899147     0.0938 
27.7591749    0.09313 
27.77935834    0.13263 
27.79954177    0.17077 
27.8197252    0.17418 
27.83990864    0.13992 
27.86009207    0.08668 
27.8802755    0.10112 
27.90045894    0.11578 
27.92064237    0.13623 
27.9408258    0.11101 
27.96100924    0.09192 
27.98119267    0.07632 
28.0013761    0.07545 
28.02155954    0.10395 
28.04174297    0.13412 
28.06192641    0.11402 
28.08210984    0.11709 
28.10229327     0.1029 
28.12247671    0.09476 
28.14266014    0.08593 
28.16284357    0.11276 
28.18302701    0.07063 
28.20321044    0.03351 
28.22339387    0.02253 
28.24357731    0.04613 
28.26376074    0.09864 
28.28394417    0.12005 
28.30412761    0.11633 
28.32431104    0.07433 
28.34449447    0.04556 
28.36467791     0.0381 
28.38486134    0.08522 
28.40504477    0.09717 
28.42522821    0.10729 
28.44541164    0.07422 
28.46559507    0.08045 
28.48577851    0.10295 
28.50596194    0.14623 
28.52614537    0.17622 
28.54632881    0.13505 
28.56651224    0.07443 
28.58669567    0.05043 
28.60687911    0.07834 
28.62706254    0.12257 
28.64724597    0.13422 
28.66742941    0.12057 
28.68761284    0.11861 
28.70779627    0.06346 
28.72797971    0.07892 
28.74816314    0.09485 
28.76834657    0.08381 
28.78853001    0.12049 
28.80871344    0.13646 
28.82889687    0.11855 
28.84908031     0.1242 
28.86926374    0.09435 
28.88944717    0.06843 
28.90963061      0.046 
28.92981404    0.05169 
28.94999747    0.09403 
28.97018091    0.09332 
28.99036434    0.09581 
29.01054777    0.10679 
29.03073121    0.09651 
29.05091464    0.11295 
29.07109807    0.09342 
29.09128151    0.07233 
29.11146494    0.06867 
29.13164837    0.07299 
29.15183181    0.09914 
29.17201524    0.08985 
29.19219867    0.04953 
29.21238211    0.04251 
29.23256554    0.06696 
29.25274897    0.09399 
29.27293241    0.13765 
29.29311584    0.14519 
29.31329927    0.12701 
29.33348271    0.08205 
29.35366614     0.0972 
29.37384957    0.08909 
29.39403301    0.09432 
29.41421644    0.09279 
29.43439987    0.08251 
29.45458331    0.10956 
29.47476674    0.12048 
29.49495018    0.12895 
29.51513361    0.11329 
29.53531704     0.1057 
29.55550048    0.07063 
29.57568391    0.08477 
29.59586734    0.05789 
29.61605078    0.06487 
29.63623421    0.05896 
29.65641764    0.10129 
29.67660108    0.09496 
29.69678451    0.11534 
29.71696794    0.11378 
29.73715138     0.1067 
29.75733481    0.10312 
29.77751824    0.09974 
29.79770168    0.09535 
29.81788511    0.11798 
29.83806854    0.12755 
29.85825198    0.11505 
29.87843541    0.10149 
29.89861884    0.04768 
29.91880228     0.0502 
29.93898571    0.07979 
29.95916914     0.0981 
29.97935258     0.1186 
29.99953601    0.10589 
30.01971944    0.08546 
30.03990288    0.08326 
30.06008631    0.09209 
30.08026974    0.12377 
30.10045318    0.13225 
30.12063661    0.12876 
30.14082004    0.08045 
30.16100348     0.0165 
30.18118691    0.01991 
30.20137034     0.0692 
30.22155378     0.1283 
30.24173721    0.19937 
30.26192064    0.17187 
30.28210408    0.15435 
30.30228751    0.13023 
30.32247094    0.08417 
30.34265438    0.07983 
30.36283781      0.048 
30.38302124    0.01306 
30.40320468    0.02956 
30.42338811    0.03805 
30.44357154    0.09737 
30.46375498     0.1598 
30.48393841    0.16028 
30.50412184    0.13871 
30.52430528    0.08426 
30.54448871    0.03891 
30.56467214    0.06486 
30.58485558    0.07606 
30.60503901    0.09039 
30.62522244    0.08663 
30.64540588    0.09548 
30.66558931     0.1088 
30.68577274    0.12467 
30.70595618     0.1014 
30.72613961    0.08068 
30.74632304    0.06091 
30.76650648    0.09492 
30.78668991    0.12429 
30.80687334    0.14493 
30.82705678    0.14768 
30.84724021     0.1034 
30.86742364    0.07436 
30.88760708    0.05897 
30.90779051    0.04121 
30.92797395    0.08862 
30.94815738    0.13951 
30.96834081    0.12402 
30.98852425    0.11152 
31.00870768    0.05307 
31.02889111          0 
31.04907455    0.02222 
31.06925798    0.08448 
31.08944141    0.11266 
31.10962485    0.16372 
31.12980828    0.13887 
31.14999171    0.08607 
31.17017515      0.058 
31.19035858    0.03728 
31.21054201    0.02237 
31.23072545    0.07282 
31.25090888    0.08192 
31.27109231    0.09777 
31.29127575    0.10437 
31.31145918    0.06516 
31.33164261    0.05908 
31.35182605    0.05257 
31.37200948    0.06541 
31.39219291    0.09526 
31.41237635    0.11445 
31.43255978    0.10895 
31.45274321    0.09967 
31.47292665    0.06354 
31.49311008    0.03208 
31.51329351    0.02496 
31.53347695    0.02743 
31.55366038     0.0585 
31.57384381    0.05849 
31.59402725     0.0565 
31.61421068    0.07756 
31.63439411    0.09112 
31.65457755    0.10143 
31.67476098    0.10435 
31.69494441    0.06451 
31.71512785    0.05265 
31.73531128    0.08294 
31.75549471    0.08251 
31.77567815    0.11071 
31.79586158    0.08938 
31.81604501    0.06531 
31.83622845    0.05071 
31.85641188    0.05282 
31.87659531    0.08423 
31.89677875    0.11858 
31.91696218    0.12081 
31.93714561    0.10654 
31.95732905    0.06947 
31.97751248    0.03795 
31.99769591    0.04399 
32.01787935     0.0429 
32.03806278    0.05638 
32.05824621    0.06165 
32.07842965    0.04044 
32.09861308    0.03367 
32.11879651    0.04995 
32.13897995    0.05608 
32.15916338    0.07399 
32.17934681    0.05468 
32.19953025    0.01197 
32.21971368    0.00856 
32.23989711          0 
32.26008055    0.00917 
32.28026398    0.04772 
32.30044741    0.05508 
32.32063085    0.06458 
32.34081428    0.08232 
32.36099772    0.05065 
32.38118115    0.03539 
32.40136458    0.05844 
32.42154802    0.05972 
32.44173145    0.08458 
32.46191488     0.0958 
32.48209832    0.05073 
32.50228175     0.0075 
32.52246518          0 
32.54264862          0 
32.56283205    0.05923 
32.58301548    0.09758 
32.60319892    0.09949 
32.62338235    0.09387 
32.64356578    0.02798 
32.66374922    0.01182 
32.68393265          0 
32.70411608          0 
32.72429952    0.02717 
32.74448295    0.05783 
32.76466638    0.06121 
32.78484982    0.06398 
32.80503325    0.01209 
32.82521668          0 
32.84540012          0 
32.86558355    0.00206 
32.88576698     0.0486 
32.90595042    0.06707 
32.92613385    0.07042 
32.94631728    0.07461 
32.96650072     0.0604 
32.98668415    0.04575 
33.00686758    0.03322 
33.02705102     0.0445 
33.04723445    0.04347 
33.06741788    0.03203 
33.08760132    0.03809 
33.10778475    0.03224 
33.12796818    0.01852 
33.14815162    0.03559 
33.16833505    0.02285 
33.18851848    0.03214 
33.20870192    0.04175 
33.22888535    0.02646 
33.24906878    0.03172 
33.26925222    0.03006 
33.28943565    0.01963 
33.30961908    0.02414 
33.32980252    0.02856 
33.34998595    0.01608 
33.37016938     0.0313 
33.39035282    0.03972 
33.41053625    0.04412 
33.43071968    0.04587 
33.45090312    0.07386 
33.47108655    0.06856 
33.49126998     0.0612 
33.51145342    0.03818 
33.53163685    0.00771 
33.55182028    0.02512 
33.57200372    0.06961 
33.59218715    0.08049 
33.61237058    0.09088 
33.63255402    0.06499 
33.65273745    0.01131 
33.67292088          0 
33.69310432          0 
33.71328775    0.00232 
33.73347118    0.06122 
33.75365462     0.1038 
33.77383805    0.11824 
33.79402149    0.09487 
33.81420492    0.04001 
33.83438835          0 
33.85457179          0 
33.87475522          0 
33.89493865    0.02345 
33.91512209    0.04327 
33.93530552    0.04875 
33.95548895    0.04179 
33.97567239    0.01792 
33.99585582    0.01586 
34.01603925    0.03238 
34.03622269    0.04682 
34.05640612    0.06977 
34.07658955    0.07633 
34.09677299    0.04698 
34.11695642    0.04927 
34.13713985    0.02278 
34.15732329     0.0209 
34.17750672    0.03255 
34.19769015    0.04481 
34.21787359     0.0491 
34.23805702    0.06212 
34.25824045     0.0518 
34.27842389    0.04513 
34.29860732    0.02025 
34.31879075    0.01458 
34.33897419    0.00391 
34.35915762          0 
34.37934105     0.0056 
34.39952449    0.02637 
34.41970792     0.0247 
34.43989135    0.04901 
34.46007479    0.06315 
34.48025822    0.07611 
34.50044165    0.08185 
34.52062509    0.07041 
34.54080852    0.04263 
34.56099195          0 
34.58117539          0 
34.60135882    0.02863 
34.62154225    0.05234 
34.64172569    0.07804 
34.66190912    0.09391 
34.68209255     0.0842 
34.70227599    0.07497 
34.72245942    0.05402 
34.74264285    0.02031 
34.76282629          0 
34.78300972    0.00837 
34.80319315    0.02388 
34.82337659    0.04171 
34.84356002    0.05261 
34.86374345    0.07868 
34.88392689    0.05819 
34.90411032    0.06667 
34.92429375    0.03154 
34.94447719    0.01413 
34.96466062    0.00392 
34.98484405          0 
35.00502749    0.00653 
35.02521092    0.04156 
35.04539435    0.06169 
35.06557779    0.06887 
35.08576122    0.07967 
35.10594465    0.03098 
35.12612809    0.03401 
35.14631152    0.02935 
35.16649495    0.01237 
35.18667839     0.0167 
35.20686182    0.02285 
35.22704526    0.00469 
35.24722869    0.05077 
35.26741212    0.06955 
35.28759556    0.04537 
35.30777899    0.04554 
35.32796242    0.01643 
35.34814586          0 
35.36832929    0.02674 
35.38851272    0.04576 
35.40869616    0.04204 
35.42887959    0.07639 
35.44906302    0.07121 
35.46924646    0.05288 
35.48942989    0.02409 
35.50961332    0.00302 
35.52979676          0 
35.54998019          0 
35.57016362    0.00248 
35.59034706    0.02605 
35.61053049    0.03912 
35.63071392    0.05373 
35.65089736    0.05905 
35.67108079    0.04378 
35.69126422    0.02337 
35.71144766      0.024 
35.73163109    0.02069 
35.75181452    0.02916 
35.77199796    0.04656 
35.79218139     0.0747 
35.81236482    0.07207 
35.83254826    0.07519 
35.85273169    0.05072 
35.87291512    0.01748 
35.89309856          0 
35.91328199          0 
35.93346542    0.00124 
35.95364886    0.03502 
35.97383229     0.0863 
35.99401572    0.11161 
36.01419916    0.12976 
36.03438259    0.13063 
36.05456602    0.10315 
36.07474946    0.07802 
36.09493289    0.04238 
36.11511632          0 
36.13529976          0 
36.15548319          0 
36.17566662    0.03699 
36.19585006    0.07725 
36.21603349    0.07194 
36.23621692    0.07031 
36.25640036    0.04608 
36.27658379    0.02175 
36.29676722    0.02747 
36.31695066    0.03666 
36.33713409    0.04062 
36.35731752    0.06543 
36.37750096     0.0676 
36.39768439    0.08471 
36.41786782    0.11268 
36.43805126    0.11728 
36.45823469    0.12936 
36.47841812    0.09515 
36.49860156    0.06966 
36.51878499    0.08851 
36.53896842    0.10251 
36.55915186    0.11762 
36.57933529    0.14824 
36.59951872    0.11195 
36.61970216     0.1122 
36.63988559    0.16298 
36.66006902    0.16455 
36.68025246    0.22653 
36.70043589    0.27414 
36.72061933    0.27917 
36.74080276     0.3047 
36.76098619    0.34283 
36.78116963    0.46274 
36.80135306      0.603 
36.82153649    0.85226 
36.84171993    1.31127 
36.86190336    1.97853 
36.88208679    2.86138 
36.90227023    3.91973 
36.92245366    4.79494 
36.94263709    5.17648 
36.96282053    4.91006 
36.98300396    3.98259 
37.00318739    2.76476 
37.02337083    1.67879 
37.04355426    1.10213 
37.06373769    0.77192 
37.08392113    0.63134 
37.10410456    0.52021 
37.12428799    0.40704 
37.14447143    0.25777 
37.16465486     0.2741 
37.18483829    0.21575 
37.20502173    0.20784 
37.22520516    0.24161 
37.24538859    0.28106 
37.26557203    0.27129 
37.28575546    0.32623 
37.30593889    0.27422 
37.32612233    0.29867 
37.34630576    0.29154 
37.36648919    0.31422 
37.38667263    0.33015 
37.40685606    0.37149 
37.42703949     0.3497 
37.44722293    0.42612 
37.46740636    0.46318 
37.48758979     0.5016 
37.50777323    0.51962 
37.52795666    0.57985 
37.54814009    0.66525 
37.56832353    0.84188 
37.58850696    1.05383 
37.60869039    1.40436 
37.62887383    1.87937 
37.64905726    2.54941 
37.66924069    3.63842 
37.68942413    5.34301 
37.70960756    7.79155 
37.72979099   11.24013 
37.74997443   15.06845 
37.77015786   18.02282 
37.79034129   18.97502 
37.81052473   17.25435 
37.83070816   13.33001 
37.85089159    8.85334 
37.87107503    5.09077 
37.89125846    2.53962 
37.91144189     1.2459 
37.93162533    0.78596 
37.95180876    0.68325 
37.97199219    0.86692 
37.99217563    1.07994 
38.01235906    1.07971 
38.03254249    0.90279 
38.05272593    0.70395 
38.07290936    0.41919 
38.09309279    0.22708 
38.11327623    0.18282 
38.13345966    0.23256 
38.1536431    0.26611 
38.17382653    0.34329 
38.19400996    0.40903 
38.2141934    0.39769 
38.23437683    0.34931 
38.25456026    0.33439 
38.2747437    0.28566 
38.29492713    0.23316 
38.31511056    0.27693 
 38.335294     0.3458 
38.35547743    0.35696 
38.37566086    0.50571 
38.3958443    0.62737 
38.41602773    0.76316 
38.43621116    1.00256 
38.4563946    1.39873 
38.47657803    1.99327 
38.49676146    2.99756 
38.5169449    4.21055 
38.53712833    5.30269 
38.55731176    5.92048 
38.5774952    5.74608 
38.59767863    4.67312 
38.61786206    3.16867 
38.6380455    1.79552 
38.65822893    0.86331 
38.67841236    0.45783 
38.6985958    0.41583 
38.71877923    0.43586 
38.73896266    0.43123 
38.7591461    0.39314 
38.77932953    0.34888 
38.79951296    0.24265 
38.8196964      0.131 
38.83987983    0.10458 
38.86006326    0.04917 
38.8802467    0.04213 
38.90043013    0.08148 
38.92061356    0.13735 
 38.940797    0.16578 
38.96098043    0.21913 
38.98116386    0.18536 
39.0013473    0.14131 
39.02153073    0.08673 
39.04171416    0.05381 
39.0618976    0.00413 
39.08208103    0.03379 
39.10226446    0.05524 
39.1224479    0.09599 
39.14263133    0.08472 
39.16281476    0.10651 
39.1829982     0.0789 
39.20318163    0.08143 
39.22336506    0.03357 
39.2435485     0.0364 
39.26373193     0.0175 
39.28391536    0.05002 
39.3040988    0.06294 
39.32428223     0.1133 
39.34446566    0.08216 
39.3646491    0.06914 
39.38483253     0.0603 
39.40501596    0.04201 
39.4251994    0.03128 
39.44538283    0.05587 
39.46556626    0.04219 
39.4857497    0.01987 
39.50593313    0.02287 
39.52611656    0.04655 
   39.5463    0.06299 
39.56648343    0.07502 
39.58666687    0.07847 
39.6068503    0.07334 
39.62703373    0.04927 
39.64721717    0.05871 
39.6674006    0.03708 
39.68758403    0.03378 
39.70776747    0.04587 
39.7279509    0.07264 
39.74813433     0.0702 
39.76831777     0.0781 
39.7885012    0.04809 
39.80868463    0.05928 
39.82886807     0.0842 
39.8490515    0.09882 
39.86923493    0.08473 
39.88941837    0.07284 
39.9096018    0.04443 
39.92978523    0.05309 
39.94996867    0.06124 
39.9701521    0.05816 
39.99033553    0.06349 
40.01051897    0.05218 
40.0307024    0.05381 
40.05088583    0.07109 
40.07106927    0.05572 
40.0912527    0.03909 
40.11143613    0.05931 
40.13161957    0.03525 
 40.151803    0.03981 
40.17198643    0.06138 
40.19216987    0.07543 
40.2123533    0.07354 
40.23253673    0.07659 
40.25272017    0.05965 
40.2729036    0.05211 
40.29308703    0.03269 
40.31327047    0.02623 
40.3334539    0.00734 
40.35363733          0 
40.37382077          0 
40.3940042      0.022 
40.41418763    0.04318 
40.43437107    0.06447 
40.4545545    0.07275 
40.47473793    0.07373 
40.49492137    0.05286 
40.5151048    0.03489 
40.53528823    0.04291 
40.55547167    0.03594 
40.5756551    0.03874 
40.59583853    0.05474 
40.61602197    0.07224 
40.6362054    0.07314 
40.65638883    0.08517 
40.67657227    0.06584 
40.6967557    0.04287 
40.71693913     0.0144 
40.73712257     0.0008 
 40.757306    0.00837 
40.77748943    0.03251 
40.79767287    0.05576 
40.8178563    0.07971 
40.83803973     0.0686 
40.85822317    0.04304 
40.8784066    0.06876 
40.89859003    0.05197 
40.91877347    0.05351 
40.9389569    0.03362 
40.95914033     0.0268 
40.97932377    0.01168 
40.9995072    0.04961 
41.01969064    0.08117 
41.03987407    0.08656 
41.0600575    0.08403 
41.08024094    0.10245 
41.10042437    0.07769 
41.1206078    0.07223 
41.14079124    0.06761 
41.16097467    0.05585 
41.1811581     0.0349 
41.20134154    0.04776 
41.22152497    0.06181 
41.2417084    0.07351 
41.26189184    0.08426 
41.28207527    0.11334 
41.3022587    0.09209 
41.32244214    0.08132 
41.34262557    0.08396 
 41.362809    0.07359 
41.38299244    0.05549 
41.40317587    0.03632 
41.4233593    0.02101 
41.44354274    0.01965 
41.46372617    0.02272 
41.4839096    0.04254 
41.50409304    0.07001 
41.52427647    0.08978 
41.5444599    0.09469 
41.56464334    0.09773 
41.58482677    0.08169 
41.6050102    0.06974 
41.62519364    0.06166 
41.64537707    0.04746 
41.6655605    0.04424 
41.68574394    0.03992 
41.70592737      0.038 
41.7261108    0.05379 
41.74629424    0.08984 
41.76647767    0.11518 
41.7866611     0.1231 
41.80684454    0.10896 
41.82702797     0.0701 
41.8472114    0.05027 
41.86739484    0.03733 
41.88757827    0.01331 
41.9077617          0 
41.92794514    0.00236 
41.94812857    0.02101 
 41.968312    0.03499 
41.98849544    0.04345 
42.00867887    0.03593 
42.0288623    0.04762 
42.04904574    0.05901 
42.06922917     0.0598 
42.0894126    0.05544 
42.10959604    0.04468 
42.12977947    0.03514 
42.1499629     0.0322 
42.17014634    0.00482 
42.19032977    0.01193 
42.2105132     0.0448 
42.23069664     0.0604 
42.25088007    0.07676 
42.2710635    0.07789 
42.29124694    0.06473 
42.31143037    0.04783 
42.3316138    0.03153 
42.35179724    0.03323 
42.37198067    0.01126 
42.3921641     0.0264 
42.41234754    0.05404 
42.43253097    0.04676 
42.45271441    0.05255 
42.47289784     0.0553 
42.49308127    0.05864 
42.51326471    0.06505 
42.53344814    0.05102 
42.55363157    0.04042 
42.57381501    0.04905 
42.59399844    0.02478 
42.61418187     0.0236 
42.63436531    0.01996 
42.65454874    0.02081 
42.67473217    0.04813 
42.69491561    0.07665 
42.71509904    0.06222 
42.73528247    0.03746 
42.75546591    0.03305 
42.77564934    0.01935 
42.79583277    0.02412 
42.81601621    0.02555 
42.83619964    0.01687 
42.85638307    0.01455 
42.87656651    0.02644 
42.89674994    0.03535 
42.91693337     0.0518 
42.93711681    0.05011 
42.95730024    0.05117 
42.97748367    0.04143 
42.99766711    0.03069 
43.01785054    0.03692 
43.03803397    0.05916 
43.05821741    0.06012 
43.07840084    0.07034 
43.09858427    0.06403 
43.11876771    0.03812 
43.13895114    0.01596 
43.15913457    0.02387 
43.17931801     0.0178 
43.19950144    0.00201 
43.21968487    0.01947 
43.23986831    0.05471 
43.26005174    0.06972 
43.28023517    0.09338 
43.30041861    0.09399 
43.32060204    0.07875 
43.34078547    0.07068 
43.36096891    0.08133 
43.38115234    0.05842 
43.40133577      0.045 
43.42151921    0.01797 
43.44170264    0.03116 
43.46188607    0.01477 
43.48206951    0.02269 
43.50225294    0.01897 
43.52243637    0.02148 
43.54261981    0.01055 
43.56280324    0.02666 
43.58298667    0.01085 
43.60317011    0.01184 
43.62335354      0.019 
43.64353697    0.05118 
43.66372041    0.06237 
43.68390384     0.0479 
43.70408727    0.02293 
43.72427071    0.03591 
43.74445414    0.03152 
43.76463757    0.06274 
43.78482101    0.06399 
43.80500444    0.04509 
43.82518787    0.03072 
43.84537131    0.03453 
43.86555474    0.02088 
43.88573818    0.03593 
43.90592161    0.03113 
43.92610504    0.03726 
43.94628848    0.05446 
43.96647191    0.04522 
43.98665534    0.05265 
44.00683878     0.0599 
44.02702221    0.04267 
44.04720564     0.0471 
44.06738908    0.04632 
44.08757251    0.02014 
44.10775594    0.01677 
44.12793938    0.00622 
44.14812281    0.01063 
44.16830624    0.03946 
44.18848968    0.04583 
44.20867311     0.0576 
44.22885654    0.05233 
44.24903998    0.04647 
44.26922341    0.04752 
44.28940684    0.04016 
44.30959028    0.01963 
44.32977371    0.01763 
44.34995714    0.02955 
44.37014058    0.04215 
44.39032401    0.05127 
44.41050744    0.05221 
44.43069088    0.06268 
44.45087431    0.05057 
44.47105774     0.0499 
44.49124118     0.0233 
44.51142461          0 
44.53160804          0 
44.55179148          0 
44.57197491    0.00808 
44.59215834    0.01235 
44.61234178    0.03071 
44.63252521    0.04629 
44.65270864     0.0423 
44.67289208    0.04215 
44.69307551    0.05766 
44.71325894    0.07486 
44.73344238    0.07599 
44.75362581    0.05009 
44.77380924    0.02609 
44.79399268    0.01695 
44.81417611    0.01247 
44.83435954    0.00197 
44.85454298    0.00972 
44.87472641    0.02046 
44.89490984    0.04749 
44.91509328    0.07048 
44.93527671    0.08186 
44.95546014    0.07633 
44.97564358     0.0757 
44.99582701    0.06814 
45.01601044    0.04202 
45.03619388    0.02041 
45.05637731    0.01366 
45.07656074    0.03551 
45.09674418    0.04811 
45.11692761    0.06055 
45.13711104    0.07208 
45.15729448    0.07999 
45.17747791     0.0644 
45.19766134    0.05624 
45.21784478    0.03505 
45.23802821    0.02616 
45.25821164    0.02837 
45.27839508    0.02446 
45.29857851    0.01691 
45.31876195    0.00127 
45.33894538    0.00822 
45.35912881    0.01965 
45.37931225    0.03209 
45.39949568    0.04939 
45.41967911    0.06829 
45.43986255    0.05993 
45.46004598    0.04888 
45.48022941    0.03207 
45.50041285    0.00052 
45.52059628          0 
45.54077971    0.00453 
45.56096315    0.03328 
45.58114658    0.05668 
45.60133001     0.0851 
45.62151345    0.07766 
45.64169688    0.07426 
45.66188031    0.05996 
45.68206375    0.05097 
45.70224718     0.0494 
45.72243061    0.03557 
45.74261405    0.01428 
45.76279748    0.02333 
45.78298091    0.05682 
45.80316435    0.07404 
45.82334778    0.05853 
45.84353121    0.06021 
45.86371465    0.05947 
45.88389808    0.04869 
45.90408151    0.02482 
45.92426495    0.01241 
45.94444838          0 
45.96463181    0.01058 
45.98481525    0.01914 
46.00499868    0.02654 
46.02518211    0.04098 
46.04536555    0.06842 
46.06554898    0.07296 
46.08573241    0.06847 
46.10591585    0.04344 
46.12609928    0.02034 
46.14628271    0.00706 
46.16646615    0.01125 
46.18664958    0.02032 
46.20683301    0.05699 
46.22701645    0.08491 
46.24719988    0.08876 
46.26738331    0.08364 
46.28756675    0.09831 
46.30775018    0.11622 
46.32793361    0.12872 
46.34811705    0.13202 
46.36830048    0.11907 
46.38848391    0.09999 
46.40866735    0.09049 
46.42885078    0.08664 
46.44903421    0.07577 
46.46921765     0.0686 
46.48940108    0.08813 
46.50958451    0.06977 
46.52976795    0.06925 
46.54995138    0.05551 
46.57013481    0.07178 
46.59031825    0.07171 
46.61050168    0.09814 
46.63068511    0.09282 
46.65086855    0.11909 
46.67105198    0.14112 
46.69123541    0.16671 
46.71141885    0.16673 
46.73160228    0.14784 
46.75178571    0.10498 
46.77196915    0.08074 
46.79215258    0.07085 
46.81233602    0.07117 
46.83251945    0.07431 
46.85270288    0.09529 
46.87288632    0.11263 
46.89306975     0.1218 
46.91325318    0.13511 
46.93343662     0.1415 
46.95362005    0.13562 
46.97380348    0.13418 
46.99398692    0.11849 
47.01417035    0.12523 
47.03435378    0.10069 
47.05453722    0.08867 
47.07472065    0.06626 
47.09490408    0.08261 
47.11508752    0.08097 
47.13527095    0.07151 
47.15545438    0.07475 
47.17563782    0.07151 
47.19582125    0.05603 
47.21600468    0.07415 
47.23618812    0.08883 
47.25637155    0.10991 
47.27655498     0.1414 
47.29673842    0.13945 
47.31692185    0.14725 
47.33710528    0.14889 
47.35728872    0.15249 
47.37747215    0.18051 
47.39765558    0.16892 
47.41783902    0.15684 
47.43802245    0.15053 
47.45820588    0.15184 
47.47838932    0.15986 
47.49857275    0.13689 
47.51875618    0.15909 
47.53893962     0.1976 
47.55912305    0.24252 
47.57930648    0.30242 
47.59948992     0.3918 
47.61967335    0.44098 
47.63985678    0.47868 
47.66004022    0.52293 
47.68022365    0.55516 
47.70040708    0.58896 
47.72059052    0.64741 
47.74077395    0.75902 
47.76095738     0.8843 
47.78114082    1.06381 
47.80132425    1.22602 
47.82150768    1.34398 
47.84169112    1.52976 
47.86187455    1.95566 
47.88205798    2.67924 
47.90224142    3.99497 
47.92242485    5.83954 
47.94260828    8.62321 
47.96279172     12.485 
47.98297515   17.19329 
48.00315858    21.7085 
48.02334202   24.23262 
48.04352545   23.40809 
48.06370888   19.54936 
48.08389232   14.03939 
48.10407575    8.93666 
48.12425918    5.40481 
48.14444262    3.29472 
48.16462605    2.03642 
48.18480948    1.12207 
48.20499292    0.57832 
48.22517635    0.25296 
48.24535979    0.11976 
48.26554322    0.21916 
48.28572665    0.36712 
48.30591009    0.57815 
48.32609352    0.83582 
48.34627695    0.88241 
48.36646039    0.86145 
48.38664382    0.73702 
48.40682725    0.49906 
48.42701069     0.3113 
48.44719412    0.10155 
48.46737755          0 
48.48756099          0 
48.50774442          0 
48.52792785     0.0325 
48.54811129    0.11135 
48.56829472    0.19107 
48.58847815    0.24857 
48.60866159    0.23891 
48.62884502    0.19662 
48.64902845    0.16048 
48.66921189    0.11549 
48.68939532    0.09039 
48.70957875    0.07788 
48.72976219    0.06236 
48.74994562    0.07247 
48.77012905    0.07404 
48.79031249    0.09145 
48.81049592    0.09387 
48.83067935    0.11919 
48.85086279    0.14914 
48.87104622    0.15465 
48.89122965       0.15 
48.91141309    0.13176 
48.93159652     0.0918 
48.95177995    0.06434 
48.97196339    0.04133 
48.99214682    0.01852 
49.01233025    0.00663 
49.03251369          0 
49.05269712    0.01804 
49.07288055    0.05288 
49.09306399    0.07624 
49.11324742     0.0878 
49.13343085    0.07938 
49.15361429    0.06464 
49.17379772    0.05964 
49.19398115    0.07619 
49.21416459    0.06537 
49.23434802    0.03457 
49.25453145    0.01217 
49.27471489    0.01558 
49.29489832    0.04147 
49.31508175    0.07266 
49.33526519    0.09195 
49.35544862    0.10768 
49.37563205    0.10005 
49.39581549     0.0893 
49.41599892     0.0821 
49.43618235    0.06094 
49.45636579    0.05637 
49.47654922    0.05997 
49.49673265    0.04132 
49.51691609    0.02408 
49.53709952    0.00741 
49.55728295          0 
49.57746639          0 
49.59764982    0.01297 
49.61783325    0.01595 
49.63801669    0.03004 
49.65820012    0.05313 
49.67838356    0.05996 
49.69856699    0.07667 
49.71875042    0.07288 
49.73893386    0.05227 
49.75911729    0.05719 
49.77930072    0.05403 
49.79948416      0.025 
49.81966759    0.00026 
49.83985102          0 
49.86003446          0 
49.88021789    0.00478 
49.90040132    0.00381 
49.92058476          0 
49.94076819    0.01244 
49.96095162    0.01902 
49.98113506    0.02474 
50.00131849     0.0491 
50.02150192    0.04561 
50.04168536    0.03476 
50.06186879    0.03942 
50.08205222      0.037 
50.10223566    0.04832 
50.12241909     0.0509 
50.14260252    0.02563 
50.16278596    0.00003 
50.18296939   -0.00051 
50.20315282          0 
50.22333626    0.00874 
50.24351969    0.01843 
50.26370312    0.02503 
50.28388656    0.05274 
50.30406999    0.05176 
50.32425342    0.03781 
50.34443686    0.03274 
50.36462029    0.00431 
50.38480372    -0.0114 
50.40498716          0 
50.42517059          0 
50.44535402          0 
50.46553746    0.00374 
50.48572089    0.01311 
50.50590432     0.0148 
50.52608776    0.00919 
50.54627119    0.01234 
50.56645462    0.01956 
50.58663806     0.0128 
50.60682149    0.02755 
50.62700492    0.03014 
50.64718836    0.02019 
50.66737179    0.02019 
50.68755522    0.00846 
50.70773866          0 
50.72792209    0.00235 
50.74810552          0 
50.76828896          0 
50.78847239          0 
50.80865582    0.00633 
50.82883926     0.0191 
50.84902269    0.01794 
50.86920612    0.01514 
50.88938956    0.01157 
50.90957299    0.00377 
50.92975642    0.00402 
50.94993986          0 
50.97012329          0 
50.99030672    0.00085 
51.01049016          0 
51.03067359    0.00932 
51.05085702    0.02783 
51.07104046    0.03532 
51.09122389    0.03677 
51.11140733    0.02124 
51.13159076    0.00285 
51.15177419    0.00053 
51.17195763          0 
51.19214106    0.00102 
51.21232449     0.0025 
51.23250793    0.00872 
51.25269136    0.01516 
51.27287479    0.01591 
51.29305823    0.00003 
51.31324166    0.00333 
51.33342509   -0.00331 
51.35360853    0.00038 
51.37379196          0 
51.39397539          0 
51.41415883          0 
51.43434226    0.00162 
51.45452569   -0.00109 
51.47470913          0 
51.49489256          0 
51.51507599   -0.00031 
51.53525943    0.00046 
51.55544286    0.00068 
51.57562629    0.00061 
51.59580973    0.00162 
51.61599316    0.00115 
51.63617659    0.00058 
51.65636003    0.00072 
51.67654346          0 
51.69672689    0.00003 
51.71691033          0 
51.73709376   -0.00094 
51.75727719    0.00065 
51.77746063    0.00051 
51.79764406    0.00497 
51.81782749      0.004 
51.83801093    0.00826 
51.85819436    0.02003 
51.87837779    0.02578 
51.89856123    0.01919 
51.91874466    0.01974 
51.93892809    0.00061 
51.95911153    0.01031 
51.97929496    0.02487 
51.99947839    0.02048 
52.01966183    0.01144 
52.03984526    0.00776 
52.06002869   -0.00965 
52.08021213    0.01164 
52.10039556    0.02514 
52.12057899      0.025 
52.14076243    0.02228 
52.16094586    0.02007 
52.18112929    0.00384 
52.20131273    0.01367 
52.22149616     0.0066 
52.24167959          0 
52.26186303          0 
52.28204646          0 
52.30222989    0.00882 
52.32241333    0.02188 
52.34259676    0.01626 
52.36278019     0.0254 
52.38296363     0.0376 
52.40314706    0.03723 
52.42333049    0.05691 
52.44351393    0.04751 
52.46369736    0.02053 
52.48388079    0.01305 
52.50406423    0.01277 
52.52424766     0.0044 
52.5444311    0.01674 
52.56461453          0 
52.58479796    0.00362 
52.6049814    0.01657 
52.62516483    0.02085 
52.64534826    0.01753 
52.6655317    0.01406 
52.68571513    0.00403 
52.70589856     0.0301 
 52.726082    0.03849 
52.74626543    0.03583 
52.76644886    0.04111 
52.7866323    0.03219 
52.80681573    0.02535 
52.82699916    0.02928 
52.8471826    0.01199 
52.86736603    0.01735 
52.88754946    0.02983 
52.9077329    0.03382 
52.92791633    0.03518 
52.94809976    0.03663 
52.9682832    0.02206 
52.98846663    0.02128 
53.00865006    0.04246 
53.0288335    0.05511 
53.04901693    0.07993 
53.06920036    0.08615 
53.0893838    0.07195 
53.10956723    0.05059 
53.12975066    0.07555 
53.1499341    0.07188 
53.17011753     0.0949 
53.19030096    0.08263 
53.2104844    0.05159 
53.23066783    0.02828 
53.25085126    0.06696 
53.2710347    0.07456 
53.29121813    0.10305 
53.31140156    0.09874 
 53.331585    0.12928 
53.35176843    0.13819 
53.37195186    0.18015 
53.3921353    0.16078 
53.41231873    0.18299 
53.43250216    0.17597 
53.4526856    0.18129 
53.47286903    0.18435 
53.49305246    0.20706 
53.5132359    0.20895 
53.53341933    0.30785 
53.55360276    0.40951 
53.5737862    0.50791 
53.59396963    0.61124 
53.61415306    0.67947 
53.6343365    0.72906 
53.65451993    0.81125 
53.67470336    0.93822 
53.6948868    1.16547 
53.71507023     1.5191 
53.73525366    2.16596 
53.7554371    3.01895 
53.77562053    4.30057 
53.79580396    6.23015 
53.8159874     8.5752 
53.83617083   11.13229 
53.85635426   13.20872 
53.8765377   13.73961 
53.89672113   12.49774 
53.91690456    9.91907 
 53.937088    6.65034 
53.95727143    4.06408 
53.97745487    2.34986 
53.9976383     1.4988 
54.01782173    1.15947 
54.03800517     1.0425 
54.0581886    1.01639 
54.07837203    1.17208 
54.09855547    1.03952 
54.1187389    0.88798 
54.13892233    0.63291 
54.15910577    0.42037 
54.1792892    0.30903 
54.19947263    0.20162 
54.21965607    0.04791 
54.2398395    0.03426 
54.26002293     0.0412 
54.28020637    0.17349 
54.3003898    0.24376 
54.32057323    0.24126 
54.34075667    0.27325 
54.3609401    0.30801 
54.38112353    0.28747 
54.40130697    0.27022 
54.4214904    0.18622 
54.44167383    0.12396 
54.46185727    0.13929 
54.4820407    0.12765 
54.50222413    0.12346 
54.52240757    0.11258 
 54.542591    0.12481 
54.56277443    0.14204 
54.58295787    0.18163 
54.6031413     0.1785 
54.62332473    0.17132 
54.64350817    0.19755 
54.6636916    0.27024 
54.68387503    0.32456 
54.70405847    0.39156 
54.7242419    0.48342 
54.74442533    0.54257 
54.76460877    0.61273 
54.7847922    0.66717 
54.80497563    0.66498 
54.82515907    0.69449 
54.8453425    0.82096 
54.86552593    0.97133 
54.88570937    1.25861 
54.9058928    1.71047 
54.92607623    2.42433 
54.94625967    3.52101 
54.9664431    5.22796 
54.98662653    7.53373 
55.00680997   10.07915 
55.0269934   12.37835 
55.04717683   13.53833 
55.06736027   12.86514 
55.0875437   10.73099 
55.10772713    7.78438 
55.12791057     4.9591 
 55.148094     2.9584 
55.16827743    1.83573 
55.18846087    1.17377 
55.2086443      0.911 
55.22882773    0.68163 
55.24901117    0.51824 
55.2691946    0.32343 
55.28937803     0.2949 
55.30956147     0.2564 
55.3297449    0.30228 
55.34992833    0.31838 
55.37011177    0.32709 
55.3902952    0.31707 
55.41047864    0.33939 
55.43066207    0.29268 
55.4508455    0.22501 
55.47102894    0.17292 
55.49121237    0.13685 
55.5113958    0.09897 
55.53157924    0.01715 
55.55176267          0 
55.5719461          0 
55.59212954     0.0011 
55.61231297    0.03447 
55.6324964    0.07603 
55.65267984    0.05154 
55.67286327    0.08106 
55.6930467    0.09861 
55.71323014     0.1111 
55.73341357    0.10522 
 55.753597    0.09191 
55.77378044    0.05535 
55.79396387    0.03349 
55.8141473    0.02324 
55.83433074    0.01426 
55.85451417     0.0075 
55.8746976          0 
55.89488104    0.01102 
55.91506447    0.02741 
55.9352479    0.05115 
55.95543134    0.07013 
55.97561477    0.09109 
55.9957982      0.077 
56.01598164     0.0519 
56.03616507    0.03322 
56.0563485    0.01718 
56.07653194    0.00887 
56.09671537    0.00089 
56.1168988          0 
56.13708224          0 
56.15726567    0.00262 
56.1774491    0.03456 
56.19763254    0.05771 
56.21781597    0.05206 
56.2379994    0.02893 
56.25818284    0.02754 
56.27836627    0.01028 
56.2985497    0.01935 
56.31873314    0.01345 
56.33891657    0.00705 
   56.3591          0 
56.37928344    0.00288 
56.39946687          0 
56.4196503          0 
56.43983374    0.00605 
56.46001717    0.03121 
56.4802006    0.04739 
56.50038404    0.03819 
56.52056747    0.03727 
56.5407509    0.03186 
56.56093434    0.06407 
56.58111777    0.06823 
56.6013012    0.06022 
56.62148464    0.03123 
56.64166807    0.03279 
56.6618515    0.03138 
56.68203494    0.04352 
56.70221837    0.03192 
56.7224018    0.01384 
56.74258524          0 
56.76276867    0.00253 
56.7829521    0.00135 
56.80313554    0.00657 
56.82331897    0.01457 
56.8435024    0.00849 
56.86368584          0 
56.88386927    0.00086 
56.90405271   -0.00051 
56.92423614      0.017 
56.94441957    0.02588 
56.96460301    0.02689 
56.98478644    0.03526 
57.00496987    0.03571 
57.02515331    0.03393 
57.04533674    0.04872 
57.06552017    0.03145 
57.08570361    0.02115 
57.10588704    0.02177 
57.12607047     0.0239 
57.14625391    0.01947 
57.16643734    0.01877 
57.18662077          0 
57.20680421          0 
57.22698764    0.00132 
57.24717107    0.02105 
57.26735451     0.0252 
57.28753794    0.01244 
57.30772137    0.00173 
57.32790481    0.02168 
57.34808824    0.02098 
57.36827167    0.04325 
57.38845511    0.04034 
57.40863854    0.04045 
57.42882197    0.05115 
57.44900541    0.05153 
57.46918884    0.03707 
57.48937227    0.02539 
57.50955571          0 
57.52973914          0 
57.54992257          0 
57.57010601          0 
57.59028944    0.00343 
57.61047287    0.02048 
57.63065631     0.0258 
57.65083974    0.02183 
57.67102317    0.02153 
57.69120661    0.00308 
57.71139004    0.00135 
57.73157347    0.00863 
57.75175691    0.00648 
57.77194034    0.02033 
57.79212377    0.02567 
57.81230721    0.02127 
57.83249064    0.01194 
57.85267407    0.01449 
57.87285751    0.00382 
57.89304094    0.03469 
57.91322437    0.04187 
57.93340781    0.04223 
57.95359124    0.03429 
57.97377467    0.03283 
57.99395811    0.02138 
58.01414154    0.02889 
58.03432497    0.03894 
58.05450841    0.03637 
58.07469184    0.03998 
58.09487527    0.04198 
58.11505871    0.02676 
58.13524214    0.00826 
58.15542557    0.02392 
58.17560901    0.01941 
58.19579244    0.00517 
58.21597587    0.01122 
58.23615931    0.00433 
58.25634274    0.01494 
58.27652617     0.0475 
58.29670961    0.06121 
58.31689304    0.02928 
58.33707648    0.01592 
58.35725991    0.01276 
58.37744334    0.03014 
58.39762678     0.0376 
58.41781021    0.02691 
58.43799364     0.0252 
58.45817708    0.02421 
58.47836051    0.04581 
58.49854394    0.05858 
58.51872738    0.05448 
58.53891081    0.02381 
58.55909424    0.02436 
58.57927768    0.01565 
58.59946111    0.02343 
58.61964454    0.01808 
58.63982798    0.00952 
58.66001141    0.01423 
58.68019484    0.00779 
58.70037828    0.02553 
58.72056171    0.03902 
58.74074514    0.04561 
58.76092858    0.04626 
58.78111201    0.05471 
58.80129544    0.04615 
58.82147888    0.03491 
58.84166231    0.04644 
58.86184574    0.04452 
58.88202918     0.0497 
58.90221261    0.03976 
58.92239604    0.02781 
58.94257948     0.0063 
58.96276291    0.02159 
58.98294634     0.0122 
59.00312978    0.02221 
59.02331321    0.03442 
59.04349664    0.02543 
59.06368008    0.03601 
59.08386351    0.05078 
59.10404694    0.03751 
59.12423038    0.03301 
59.14441381    0.05243 
59.16459724    0.04698 
59.18478068    0.03729 
59.20496411    0.03278 
59.22514754    0.01171 
59.24533098    0.00216 
59.26551441    0.03087 
59.28569784     0.0328 
59.30588128    0.02776 
59.32606471     0.0329 
59.34624814     0.0391 
59.36643158    0.02538 
59.38661501    0.03425 
59.40679844    0.02157 
59.42698188    0.02581 
59.44716531    0.05298 
59.46734874    0.07801 
59.48753218    0.06474 
59.50771561    0.05232 
59.52789904    0.02446 
59.54808248    0.00449 
59.56826591    0.01176 
59.58844934    0.03497 
59.60863278    0.02037 
59.62881621    0.01831 
59.64899964    0.01698 
59.66918308    0.01651 
59.68936651    0.03114 
59.70954994    0.05556 
59.72973338    0.03776 
59.74991681    0.02891 
59.77010025    0.03506 
59.79028368    0.02741 
59.81046711    0.04041 
59.83065055    0.06788 
59.85083398    0.08142 
59.87101741    0.06581 
59.89120085    0.06834 
59.91138428     0.0512 
59.93156771     0.0363 
59.95175115    0.04401 
59.97193458     0.0289 
59.99211801          0 
60.01230145          0 
60.03248488    0.00013 
60.05266831    0.00908 
60.07285175    0.02074 
60.09303518    0.03581 
60.11321861     0.0363 
60.13340205    0.03894 
60.15358548    0.05189 
60.17376891    0.06309 
60.19395235    0.05454 
60.21413578    0.04251 
60.23431921    0.03751 
60.25450265     0.0272 
60.27468608    0.06109 
60.29486951     0.0998 
60.31505295    0.11002 
60.33523638    0.06562 
60.35541981    0.03901 
60.37560325    0.02453 
60.39578668    0.03006 
60.41597011      0.038 
60.43615355    0.05233 
60.45633698     0.0117 
60.47652041     0.0111 
60.49670385    0.03848 
60.51688728    0.07191 
60.53707071    0.07618 
60.55725415     0.0675 
60.57743758    0.03407 
60.59762101    0.01917 
60.61780445      0.015 
60.63798788    0.04882 
60.65817131    0.02174 
60.67835475     0.0227 
60.69853818    0.04055 
60.71872161    0.06945 
60.73890505    0.08541 
60.75908848    0.09885 
60.77927191    0.07887 
60.79945535    0.06646 
60.81963878    0.04302 
60.83982221    0.05294 
60.86000565     0.0403 
60.88018908    0.03473 
60.90037251    0.03393 
60.92055595    0.03542 
60.94073938    0.04069 
60.96092281    0.04134 
60.98110625    0.03878 
61.00128968    0.04128 
61.02147311    0.04878 
61.04165655     0.0785 
61.06183998    0.09439 
61.08202341    0.08136 
61.10220685    0.06205 
61.12239028     0.0527 
61.14257371    0.04328 
61.16275715    0.06214 
61.18294058    0.06129 
61.20312402    0.04141 
61.22330745    0.02713 
61.24349088    0.03011 
61.26367432    0.00951 
61.28385775    0.01924 
61.30404118    0.03625 
61.32422462    0.03623 
61.34440805    0.04925 
61.36459148    0.06947 
61.38477492    0.08625 
61.40495835    0.10412 
61.42514178     0.1265 
61.44532522    0.10827 
61.46550865    0.07928 
61.48569208    0.04774 
61.50587552    0.02763 
61.52605895    0.02328 
61.54624238    0.02208 
61.56642582    0.03165 
61.58660925    0.04843 
61.60679268    0.06359 
61.62697612    0.05199 
61.64715955    0.08627 
61.66734298    0.10136 
61.68752642    0.11713 
61.70770985    0.12048 
61.72789328    0.11809 
61.74807672    0.06388 
61.76826015     0.0796 
61.78844358    0.10694 
61.80862702    0.10687 
61.82881045    0.12435 
61.84899388    0.15349 
61.86917732    0.15387 
61.88936075    0.19139 
61.90954418    0.24896 
61.92972762    0.26103 
61.94991105    0.31951 
61.97009448    0.45551 
61.99027792     0.6155 
62.01046135    0.89293 
62.03064478     1.2292 
62.05082822    1.61047 
62.07101165    1.94212 
62.09119508    2.11057 
62.11137852    2.02319 
62.13156195    1.72982 
62.15174538    1.29562 
62.17192882    0.89828 
62.19211225    0.62622 
62.21229568    0.48533 
62.23247912    0.40672 
62.25266255    0.35868 
62.27284598    0.34861 
62.29302942    0.31454 
62.31321285     0.3133 
62.33339628    0.36861 
62.35357972    0.37501 
62.37376315    0.39496 
62.39394658    0.42632 
62.41413002    0.45485 
62.43431345    0.48005 
62.45449688    0.62493 
62.47468032    0.79794 
62.49486375    0.94182 
62.51504718    1.20559 
62.53523062    1.61065 
62.55541405    2.26779 
62.57559748    3.29001 
62.59578092     4.7376 
62.61596435    6.26953 
62.63614779    7.75319 
62.65633122    8.81826 
62.67651465    9.02568 
62.69669809    8.09626 
62.71688152    6.48076 
62.73706495    4.56087 
62.75724839    2.68267 
62.77743182    1.56115 
62.79761525    0.94884 
62.81779869    0.67444 
62.83798212    0.56356 
62.85816555    0.67465 
62.87834899    0.56725 
62.89853242     0.5696 
62.91871585    0.56381 
62.93889929    0.54658 
62.95908272    0.41867 
62.97926615    0.37874 
62.99944959    0.28273 
63.01963302    0.16144 
63.03981645    0.08569 
63.05999989    0.03917 
63.08018332     0.0234 
63.10036675    0.00822 
63.12055019    0.02222 
63.14073362    0.00657 
63.16091705     0.0185 
63.18110049     0.0648 
63.20128392    0.12869 
63.22146735    0.15078 
63.24165079    0.14431 
63.26183422     0.1103 
63.28201765    0.08176 
63.30220109     0.0753 
63.32238452    0.09448 
63.34256795    0.09728 
63.36275139     0.0735 
63.38293482    0.05216 
63.40311825    0.01626 
63.42330169    0.01952 
63.44348512    0.01765 
63.46366855    0.01796 
63.48385199    0.00521 
63.50403542    0.00802 
63.52421885    0.01502 
63.54440229    0.04888 
63.56458572    0.06381 
63.58476915     0.0658 
63.60495259    0.06019 
63.62513602     0.0363 
63.64531945    0.02442 
63.66550289    0.04293 
63.68568632    0.06149 
63.70586975    0.06775 
63.72605319    0.07158 
63.74623662    0.07053 
63.76642005    0.06428 
63.78660349    0.05278 
63.80678692    0.04794 
63.82697035    0.04003 
63.84715379    0.01444 
63.86733722    0.01215 
63.88752065    0.01373 
63.90770409    0.01292 
63.92788752    0.01342 
63.94807095    0.00972 
63.96825439    0.02042 
63.98843782    0.01965 
64.00862125    0.04441 
64.02880469    0.06918 
64.04898812    0.05853 
64.06917156    0.04323 
64.08935499    0.02731 
64.10953842    0.01142 
64.12972186    0.02797 
64.14990529    0.03822 
64.17008872     0.0309 
64.19027216    0.04499 
64.21045559    0.03463 
64.23063902     0.0456 
64.25082246    0.04985 
64.27100589    0.04082 
64.29118932    0.02023 
64.31137276    0.01693 
64.33155619    0.02334 
64.35173962    0.02111 
64.37192306    0.02583 
64.39210649    0.04658 
64.41228992     0.0333 
64.43247336    0.02515 
64.45265679    0.03332 
64.47284022    0.03453 
64.49302366    0.03089 
64.51320709    0.03729 
64.53339052    0.03008 
64.55357396    0.01822 
64.57375739    0.00831 
64.59394082    0.02175 
64.61412426    0.02674 
64.63430769    0.02379 
64.65449112     0.0189 
64.67467456    0.01008 
64.69485799    0.01301 
64.71504142    0.02892 
64.73522486    0.03954 
64.75540829    0.03568 
64.77559172    0.02995 
64.79577516    0.01946 
64.81595859    0.02045 
64.83614202    0.01787 
64.85632546    0.00869 
64.87650889    0.01133 
64.89669232    0.03148 
64.91687576    0.02803 
64.93705919    0.02595 
64.95724262     0.0217 
64.97742606    0.01038 
64.99760949    0.01138 
65.01779292    0.03153 
65.03797636    0.04994 
65.05815979    0.06216 
65.07834322    0.05079 
65.09852666    0.03814 
65.11871009    0.02856 
65.13889352    0.03047 
65.15907696    0.04724 
65.17926039    0.05876 
65.19944382    0.03331 
65.21962726    0.02436 
65.23981069    0.01059 
65.25999412     0.0102 
65.28017756    0.01746 
65.30036099    0.04185 
65.32054442    0.03737 
65.34072786    0.02395 
65.36091129          0 
65.38109472          0 
65.40127816          0 
65.42146159     0.0111 
65.44164502    0.01132 
65.46182846    0.00075 
65.48201189          0 
65.50219533          0 
65.52237876    0.01309 
65.54256219    0.04472 
65.56274563    0.05331 
65.58292906    0.04309 
65.60311249    0.02482 
65.62329593    0.00869 
65.64347936    0.00786 
65.66366279    0.00389 
65.68384623    0.02214 
65.70402966    0.03334 
65.72421309    0.02278 
65.74439653    0.01792 
65.76457996    0.01518 
65.78476339    0.00516 
65.80494683    0.00978 
65.82513026    0.01582 
65.84531369    0.01893 
65.86549713    0.01798 
65.88568056    0.01062 
65.90586399    0.02141 
65.92604743    0.01472 
65.94623086    0.02172 
65.96641429    0.04548 
65.98659773    0.05218 
66.00678116    0.05365 
66.02696459    0.05205 
66.04714803    0.03686 
66.06733146    0.03076 
66.08751489    0.01355 
66.10769833    0.01573 
66.12788176    0.03688 
66.14806519    0.04444 
66.16824863    0.03226 
66.18843206    0.03085 
66.20861549    0.02099 
66.22879893    0.01728 
66.24898236    0.02123 
66.26916579    0.04136 
66.28934923    0.04955 
66.30953266    0.04397 
66.32971609    0.04018 
66.34989953    0.03611 
66.37008296    0.02143 
66.39026639    0.02092 
66.41044983    0.03159 
66.43063326    0.01492 
66.45081669    0.00238 
66.47100013    0.00282 
66.49118356    0.00948 
66.51136699    0.00843 
66.53155043    0.00731 
66.55173386    0.01874 
66.57191729    0.03416 
66.59210073    0.02657 
66.61228416    0.02653 
66.63246759    0.03145 
66.65265103     0.0293 
66.67283446    0.03228 
66.69301789    0.04061 
66.71320133    0.04704 
66.73338476    0.03541 
66.75356819    0.01782 
66.77375163     0.0102 
66.79393506    0.00622 
66.81411849    0.02175 
66.83430193    0.03917 
66.85448536    0.04348 
66.87466879    0.03476 
66.89485223    0.01998 
66.91503566    0.00724 
66.93521909    0.00978 
66.95540253    0.01585 
66.97558596    0.02621 
66.9957694    0.02106 
67.01595283    0.01826 
67.03613626    0.01826 
67.0563197    0.01913 
67.07650313    0.03587 
67.09668656    0.04387 
  67.11687    0.02491 
67.13705343    0.03317 
67.15723686    0.02861 
67.1774203    0.01465 
67.19760373    0.01845 
67.21778716    0.01055 
67.2379706    0.00875 
67.25815403    0.01951 
67.27833746    0.01038 
67.2985209    0.01132 
67.31870433    0.01355 
67.33888776    0.01807 
67.3590712    0.03336 
67.37925463    0.03478 
67.39943806      0.034 
67.4196215    0.04006 
67.43980493    0.02674 
67.45998836    0.02907 
67.4801718    0.02207 
67.50035523    0.01766 
67.52053866    0.02413 
67.5407221    0.03119 
67.56090553    0.03358 
67.58108896    0.03794 
67.6012724    0.03322 
67.62145583    0.03254 
67.64163926    0.03641 
67.6618227    0.03756 
67.68200613     0.0259 
67.70218956    0.01358 
 67.722373    0.01175 
67.74255643    0.01071 
67.76273986    0.02505 
67.7829233    0.03075 
67.80310673    0.03409 
67.82329016    0.02712 
67.8434736    0.03123 
67.86365703    0.02587 
67.88384046    0.04266 
67.9040239    0.04612 
67.92420733     0.0608 
67.94439076    0.05016 
67.9645742    0.06386 
67.98475763    0.04817 
68.00494106    0.04221 
68.0251245    0.04986 
68.04530793    0.04942 
68.06549136    0.04943 
68.0856748    0.04723 
68.10585823    0.02768 
68.12604166    0.02094 
68.1462251    0.03981 
68.16640853      0.033 
68.18659196    0.05805 
68.2067754    0.04624 
68.22695883    0.05004 
68.24714226    0.07047 
68.2673257    0.08704 
68.28750913    0.10941 
68.30769256    0.13473 
 68.327876    0.13505 
68.34805943    0.15146 
68.36824286    0.17697 
68.3884263    0.18086 
68.40860973      0.174 
68.42879317    0.14164 
68.4489766    0.15002 
68.46916003    0.19436 
68.48934347    0.21704 
68.5095269    0.24524 
68.52971033    0.26503 
68.54989377    0.27331 
68.5700772    0.37619 
68.59026063    0.57116 
68.61044407    0.76251 
68.6306275    1.10016 
68.65081093    1.55719 
68.67099437     2.0772 
68.6911778    2.70993 
68.71136123     3.2827 
68.73154467    3.57723 
68.7517281    3.54603 
68.77191153    3.13241 
68.79209497    2.51011 
68.8122784    1.83834 
68.83246183     1.1966 
68.85264527    0.72117 
68.8728287    0.38023 
68.89301213    0.18639 
68.91319557     0.1337 
 68.933379    0.18627 
68.95356243    0.24292 
68.97374587    0.26418 
68.9939293    0.24221 
69.01411273    0.21561 
69.03429617    0.17546 
69.0544796    0.19142 
69.07466303    0.19812 
69.09484647    0.15517 
69.1150299    0.11129 
69.13521333    0.05208 
69.15539677    0.03353 
69.1755802    0.03554 
69.19576363    0.04363 
69.21594707    0.04268 
69.2361305    0.02634 
69.25631393          0 
69.27649737          0 
69.2966808          0 
69.31686423    0.00173 
69.33704767     0.0203 
69.3572311    0.03919 
69.37741453    0.04372 
69.39759797    0.02907 
69.4177814    0.05155 
69.43796483    0.03961 
69.45814827    0.05084 
69.4783317    0.04408 
69.49851513    0.04642 
69.51869857    0.02487 
 69.538882    0.02642 
69.55906543    0.01315 
69.57924887    0.01255 
69.5994323     0.0097 
69.61961573    0.00327 
69.63979917    0.01882 
69.6599826    0.01666 
69.68016603    0.02419 
69.70034947    0.04414 
69.7205329    0.06767 
69.74071633    0.06063 
69.76089977    0.06485 
69.7810832    0.04779 
69.80126663    0.04477 
69.82145007    0.07546 
69.8416335    0.09585 
69.86181694    0.13074 
69.88200037    0.15582 
69.9021838    0.15024 
69.92236724    0.14105 
69.94255067    0.12429 
69.9627341    0.11978 
69.98291754    0.15875 
70.00310097    0.18028 
70.0232844    0.23929 
70.04346784    0.26815 
70.06365127    0.28884 
70.0838347    0.33323 
70.10401814     0.4199 
70.12420157     0.5301 
 70.144385    0.83925 
70.16456844    1.20295 
70.18475187    1.78196 
70.2049353    2.40456 
70.22511874    3.04622 
70.24530217    3.57029 
70.2654856    3.84058 
70.28566904    3.74696 
70.30585247    3.31253 
70.3260359    2.57021 
70.34621934    1.81037 
70.36640277     1.1754 
70.3865862      0.692 
70.40676964    0.49653 
70.42695307    0.39092 
70.4471365     0.3235 
70.46731994    0.28222 
70.48750337    0.18314 
70.5076868    0.06226 
70.52787024     0.0351 
70.54805367    0.03119 
70.5682371    0.05768 
70.58842054    0.12067 
70.60860397    0.12618 
70.6287874    0.10602 
70.64897084    0.07807 
70.66915427    0.04702 
70.6893377    0.06887 
70.70952114    0.10004 
70.72970457    0.10427 
 70.749888    0.10276 
70.77007144     0.0684 
70.79025487    0.02947 
70.8104383    0.00694 
70.83062174          0 
70.85080517    0.00941 
70.8709886    0.02425 
70.89117204    0.01341 
70.91135547          0 
70.9315389          0 
70.95172234          0 
70.97190577          0 
70.9920892    0.01128 
71.01227264    0.01983 
71.03245607    0.01312 
71.0526395    0.00765 
71.07282294          0 
71.09300637   -0.00015 
71.1131898    0.00418 
71.13337324    0.01209 
71.15355667    0.00741 
71.1737401    0.02125 
71.19392354    0.01804 
71.21410697    0.02174 
71.2342904    0.02157 
71.25447384    0.03595 
71.27465727    0.02474 
71.29484071    0.03822 
71.31502414    0.03426 
71.33520757    0.04039 
71.35539101    0.02617 
71.37557444    0.02249 
71.39575787    0.00562 
71.41594131          0 
71.43612474          0 
71.45630817          0 
71.47649161          0 
71.49667504          0 
71.51685847          0 
71.53704191          0 
71.55722534    0.01266 
71.57740877    0.00968 
71.59759221    0.02261 
71.61777564    0.01971 
71.63795907    0.01743 
71.65814251    0.02512 
71.67832594    0.03689 
71.69850937     0.0319 
71.71869281    0.04185 
71.73887624    0.04125 
71.75905967    0.01841 
71.77924311    0.01638 
71.79942654    0.01213 
71.81960997    0.01815 
71.83979341    0.02597 
71.85997684    0.02844 
71.88016027    0.01252 
71.90034371    0.01501 
71.92052714          0 
71.94071057    0.01192 
71.96089401    0.02457 
71.98107744    0.02275 
72.00126087    0.02304 
72.02144431    0.01534 
72.04162774     0.0048 
72.06181117     0.0099 
72.08199461     0.0133 
72.10217804    0.00294 
72.12236147    0.00299 
72.14254491    0.00992 
72.16272834    0.01849 
72.18291177    0.02364 
72.20309521    0.02608 
72.22327864    0.03359 
72.24346207    0.03928 
72.26364551    0.06576 
72.28382894    0.07496 
72.30401237    0.07761 
72.32419581    0.05357 
72.34437924    0.04061 
72.36456267      0.033 
72.38474611    0.03218 
72.40492954     0.0295 
72.42511297    0.02896 
72.44529641          0 
72.46547984          0 
72.48566327          0 
72.50584671     0.0239 
72.52603014    0.03855 
72.54621357    0.04715 
72.56639701    0.03172 
72.58658044    0.02096 
72.60676387    0.01417 
72.62694731    0.02679 
72.64713074    0.04259 
72.66731417    0.06368 
72.68749761    0.06779 
72.70768104    0.05756 
72.72786448    0.03256 
72.74804791    0.00708 
72.76823134    0.00474 
72.78841478     0.0224 
72.80859821    0.03745 
72.82878164    0.05178 
72.84896508    0.03577 
72.86914851    0.01101 
72.88933194          0 
72.90951538          0 
72.92969881    0.00127 
72.94988224    0.01024 
72.97006568    0.00946 
72.99024911    0.00869 
73.01043254    0.01287 
73.03061598    0.02058 
73.05079941    0.02135 
73.07098284    0.02888 
73.09116628    0.04899 
73.11134971    0.05927 
73.13153314    0.05877 
73.15171658    0.05036 
73.17190001    0.03409 
73.19208344    0.03926 
73.21226688    0.04364 
73.23245031    0.04272 
73.25263374    0.04017 
73.27281718    0.05125 
73.29300061    0.03802 
73.31318404    0.04358 
73.33336748     0.0321 
73.35355091     0.0202 
73.37373434    0.00147 
73.39391778    0.00753 
73.41410121          0 
73.43428464    0.01977 
73.45446808    0.04136 
73.47465151    0.03175 
73.49483494    0.02345 
73.51501838    0.03714 
73.53520181    0.03356 
73.55538524    0.04422 
73.57556868    0.05253 
73.59575211    0.03076 
73.61593554    0.01243 
73.63611898    0.02644 
73.65630241    0.02821 
73.67648584    0.02916 
73.69666928    0.05345 
73.71685271    0.07621 
73.73703614    0.06813 
73.75721958    0.06625 
73.77740301     0.0589 
73.79758644    0.04993 
73.81776988    0.05215 
73.83795331    0.06535 
73.85813674    0.06311 
73.87832018    0.06934 
73.89850361     0.0867 
73.91868704     0.0968 
73.93887048     0.0971 
73.95905391    0.14432 
73.97923734    0.22554 
73.99942078    0.30718 
74.01960421    0.35995 
74.03978764    0.35442 
74.05997108    0.28707 
74.08015451    0.22848 
74.10033794    0.16884 
74.12052138    0.13654 
74.14070481    0.11643 
74.16088825    0.09044 
74.18107168    0.03675 
74.20125511    0.02381 
74.22143855          0 
74.24162198    0.01857 
74.26180541    0.05394 
74.28198885    0.05865 
74.30217228    0.04288 
74.32235571    0.06853 
74.34253915    0.05645 
74.36272258    0.05729 
74.38290601     0.0654 
74.40308945    0.05847 
74.42327288     0.0529 
74.44345631    0.07795 
74.46363975    0.08889 
74.48382318    0.09899 
74.50400661    0.10807 
74.52419005    0.10331 
74.54437348    0.08948 
74.56455691    0.11288 
74.58474035    0.14323 
74.60492378    0.16488 
74.62510721    0.19584 
74.64529065    0.19345 
74.66547408    0.18038 
74.68565751    0.18326 
74.70584095     0.1753 
74.72602438    0.19709 
74.74620781      0.228 
74.76639125    0.27652 
74.78657468    0.33049 
74.80675811    0.39728 
74.82694155    0.42903 
74.84712498    0.60511 
74.86730841    0.81325 
74.88749185    1.08334 
74.90767528    1.43895 
74.92785871    1.92542 
74.94804215    2.51837 
74.96822558    3.42824 
74.98840901    4.32886 
75.00859245    5.09522 
75.02877588    5.48319 
75.04895931    5.28262 
75.06914275    4.48214 
75.08932618    3.45984 
75.10950961    2.39321 
75.12969305    1.60101 
75.14987648    1.10222 
75.17005991    0.79675 
75.19024335    0.59159 
75.21042678    0.44924 
75.23061021    0.31811 
75.25079365    0.17513 
75.27097708    0.06584 
75.29116051    0.06066 
75.31134395    0.07516 
75.33152738    0.11771 
75.35171081    0.11995 
75.37189425    0.08461 
75.39207768    0.09162 
75.41226111    0.13111 
75.43244455    0.12856 
75.45262798     0.1607 
75.47281141    0.18202 
75.49299485    0.19804 
75.51317828    0.17785 
75.53336171    0.15077 
75.55354515    0.11939 
75.57372858    0.11293 
75.59391202    0.12731 
75.61409545    0.11982 
75.63427888    0.07618 
75.65446232    0.07484 
75.67464575    0.06634 
75.69482918      0.061 
75.71501262    0.04925 
75.73519605    0.05651 
75.75537948    0.06133 
75.77556292    0.07668 
75.79574635    0.08229 
75.81592978     0.0965 
75.83611322    0.14451 
75.85629665    0.21309 
75.87648008    0.28362 
75.89666352    0.39123 
75.91684695    0.53982 
75.93703038    0.71517 
75.95721382    0.95256 
75.97739725    1.20226 
75.99758068      1.403 
76.01776412    1.57986 
76.03794755    1.55114 
76.05813098    1.33731 
76.07831442    1.00249 
76.09849785     0.6916 
76.11868128    0.41854 
76.13886472    0.32081 
76.15904815    0.22556 
76.17923158    0.17582 
76.19941502    0.13983 
76.21959845    0.14531 
76.23978188    0.07533 
76.25996532    0.05584 
76.28014875    0.02975 
76.30033218    0.03495 
76.32051562    0.07436 
76.34069905    0.10823 
76.36088248    0.08295 
76.38106592    0.06232 
76.40124935    0.03955 
76.42143278    0.05337 
76.44161622    0.05167 
76.46179965    0.07978 
76.48198308    0.07699 
76.50216652    0.05917 
76.52234995    0.04247 
76.54253338    0.02632 
76.56271682    0.02133 
76.58290025    0.03235 
76.60308368    0.03153 
76.62326712    0.05285 
76.64345055    0.04434 
76.66363398    0.03635 
76.68381742    0.02319 
76.70400085    0.03454 
76.72418428    0.06042 
76.74436772     0.0803 
76.76455115     0.0768 
76.78473458    0.06613 
76.80491802    0.03862 
76.82510145    0.04463 
76.84528488     0.0373 
76.86546832    0.04214 
76.88565175     0.0347 
76.90583518    0.03684 
76.92601862    0.02535 
76.94620205     0.0421 
76.96638548    0.03307 
76.98656892    0.04339 
77.00675235    0.03825 
77.02693578    0.03787 
77.04711922     0.0182 
77.06730265    0.05656 
77.08748609     0.0399 
77.10766952    0.05064 
77.12785295    0.05701 
77.14803639    0.05365 
77.16821982    0.03863 
77.18840325    0.05754 
77.20858669    0.04118 
77.22877012    0.04702 
77.24895355    0.04866 
77.26913699    0.06582 
77.28932042    0.05317 
77.30950385    0.03842 
77.32968729    0.02744 
77.34987072    0.01717 
77.37005415    0.01553 
77.39023759    0.02931 
77.41042102    0.03788 
77.43060445     0.0277 
77.45078789    0.03382 
77.47097132    0.02934 
77.49115475    0.02452 
77.51133819    0.02147 
77.53152162    0.02935 
77.55170505    0.03455 
77.57188849    0.03253 
77.59207192    0.02479 
77.61225535    0.02462 
77.63243879    0.02213 
77.65262222    0.02835 
77.67280565    0.04447 
77.69298909    0.04446 
77.71317252    0.06507 
77.73335595     0.0756 
77.75353939    0.06529 
77.77372282    0.04319 
77.79390625     0.0299 
77.81408969    0.01963 
77.83427312    0.02316 
77.85445655    0.03602 
77.87463999    0.05475 
77.89482342    0.03985 
77.91500685    0.04009 
77.93519029    0.04283 
77.95537372    0.02505 
77.97555715    0.03038 
77.99574059    0.03209 
78.01592402    0.01145 
78.03610745    0.01071 
78.05629089    0.01843 
78.07647432    0.03666 
78.09665775    0.04746 
78.11684119    0.05681 
78.13702462    0.05854 
78.15720805    0.05562 
78.17739149    0.03908 
78.19757492    0.02482 
78.21775835    0.01336 
78.23794179    0.01268 
78.25812522    0.03252 
78.27830865    0.04865 
78.29849209    0.04485 
78.31867552    0.02918 
78.33885895    0.02296 
78.35904239    0.02352 
78.37922582    0.03099 
78.39940925    0.03396 
78.41959269    0.04225 
78.43977612    0.04813 
78.45995955    0.04608 
78.48014299    0.03779 
78.50032642    0.01872 
78.52050986    0.00942 
78.54069329    0.01735 
78.56087672    0.03765 
78.58106016    0.04847 
78.60124359    0.04346 
78.62142702    0.02196 
78.64161046    0.00981 
78.66179389          0 
78.68197732    0.01578 
78.70216076    0.03862 
78.72234419    0.04766 
78.74252762     0.0449 
78.76271106    0.03204 
78.78289449          0 
78.80307792    0.00214 
78.82326136    0.01377 
78.84344479    0.01537 
78.86362822     0.0515 
78.88381166    0.05749 
78.90399509    0.02826 
78.92417852    0.02465 
78.94436196    0.01647 
78.96454539          0 
78.98472882    0.01574 
79.00491226     0.0127 
79.02509569    0.00759 
79.04527912    0.01731 
79.06546256    0.02947 
79.08564599    0.02346 
79.10582942     0.0191 
79.12601286    0.01197 
79.14619629     0.0138 
79.16637972    0.01875 
79.18656316    0.01696 
79.20674659    0.01938 
79.22693002    0.02002 
79.24711346    0.02496 
79.26729689     0.0293 
79.28748032    0.02162 
79.30766376    0.00757 
79.32784719     0.0154 
79.34803062    0.03177 
79.36821406    0.05076 
79.38839749    0.06072 
79.40858092    0.05709 
79.42876436    0.04763 
79.44894779     0.0473 
79.46913122    0.04249 
79.48931466     0.0345 
79.50949809    0.03374 
79.52968152    0.04414 
79.54986496    0.04931 
79.57004839     0.0385 
79.59023182    0.03667 
79.61041526    0.03034 
79.63059869    0.02151 
79.65078212    0.02853 
79.67096556    0.02015 
79.69114899          0 
79.71133242          0 
79.73151586    0.00391 
79.75169929    0.01641 
79.77188272    0.02931 
79.79206616    0.03929 
79.81224959    0.04264 
79.83243302    0.01457 
79.85261646    0.00367 
79.87279989    0.00009 
79.89298332    0.00542 
79.91316676    0.02435 
79.93335019    0.03598 
79.95353363    0.02311 
79.97371706    0.00641 
79.99390049   -0.00006 
80.01408393          0 
80.03426736          0 
80.05445079          0 
80.07463423    0.01841 
80.09481766    0.02912 
80.11500109    0.02961 
80.13518453     0.0236 
80.15536796    0.00989 
80.17555139    0.02225 
80.19573483    0.03745 
80.21591826     0.0403 
80.23610169    0.02544 
80.25628513    0.01448 
80.27646856    0.01539 
80.29665199    0.04541 
80.31683543    0.04189 
80.33701886    0.03071 
80.35720229    0.01571 
80.37738573    0.00896 
80.39756916    0.00632 
80.41775259          0 
80.43793603          0 
80.45811946          0 
80.47830289    0.02015 
80.49848633    0.04339 
80.51866976    0.04711 
80.53885319    0.03697 
80.55903663     0.0411 
80.57922006    0.04907 
80.59940349    0.08205 
80.61958693    0.09324 
80.63977036    0.11528 
80.65995379    0.14755 
80.68013723    0.15923 
80.70032066    0.17657 
80.72050409    0.17795 
80.74068753     0.1753 
80.76087096    0.16067 
80.78105439    0.13782 
80.80123783    0.09016 
80.82142126    0.05826 
80.84160469    0.03626 
80.86178813    0.04395 
80.88197156    0.02132 
80.90215499    0.03002 
80.92233843    0.03884 
80.94252186    0.05706 
80.96270529    0.05359 
80.98288873    0.02929 
81.00307216    0.00576 
81.02325559    0.00333 
81.04343903    0.02417 
81.06362246    0.04394 
81.08380589    0.04856 
81.10398933    0.04355 
81.12417276    0.04261 
81.14435619     0.0239 
81.16453963    0.00719 
81.18472306          0 
81.20490649          0 
81.22508993    0.00601 
81.24527336    0.00508 
81.26545679    0.01974 
81.28564023    0.00663 
81.30582366    0.00819 
81.32600709    0.02534 
81.34619053    0.02243 
81.36637396    0.01502 
81.3865574    0.01303 
81.40674083     0.0149 
81.42692426    0.02048 
81.4471077    0.02642 
81.46729113    0.01707 
81.48747456    0.02754 
 81.507658    0.01246 
81.52784143    0.01402 
81.54802486    0.01834 
81.5682083    0.01612 
81.58839173    0.01285 
81.60857516    0.02371 
81.6287586    0.02582 
81.64894203    0.00666 
81.66912546    0.01251 
81.6893089     0.0075 
81.70949233    0.01044 
81.72967576    0.01114 
81.7498592     0.0357 
81.77004263     0.0375 
81.79022606    0.03541 
81.8104095    0.02868 
81.83059293    0.03764 
81.85077636    0.02799 
81.8709598    0.01729 
81.89114323    0.04688 
81.91132666    0.04745 
81.9315101     0.0573 
81.95169353    0.07222 
81.97187696    0.09099 
81.9920604    0.07882 
82.01224383    0.11675 
82.03242726    0.13986 
82.0526107    0.18636 
82.07279413    0.23022 
82.09297756    0.28746 
 82.113161    0.32083 
82.13334443    0.33774 
82.15352786    0.32331 
82.1737113    0.30726 
82.19389473    0.26588 
82.21407816     0.2096 
82.2342616    0.14854 
82.25444503    0.11214 
82.27462846    0.09476 
82.2948119    0.09992 
82.31499533    0.10126 
82.33517876    0.09561 
82.3553622    0.08239 
82.37554563    0.10508 
82.39572906    0.14062 
82.4159125    0.16923 
82.43609593    0.21681 
82.45627936    0.21106 
82.4764628    0.26774 
82.49664623    0.39031 
82.51682966    0.50287 
82.5370131    0.67953 
82.55719653    0.92192 
82.57737996    1.22068 
82.5975634    1.57537 
82.61774683    1.95762 
82.63793026    2.18483 
82.6581137    2.26928 
82.67829713    2.06863 
82.69848056    1.77968 
 82.718664    1.37186 
82.73884743    1.03678 
82.75903086    0.74366 
82.7792143    0.52576 
82.79939773    0.38317 
82.81958117    0.31716 
82.8397646     0.2045 
82.85994803    0.16357 
82.88013147    0.09044 
82.9003149    0.03425 
82.92049833    0.10654 
82.94068177    0.17959 
82.9608652    0.19418 
82.98104863    0.19652 
83.00123207    0.20574 
83.0214155    0.25766 
83.04159893    0.37111 
83.06178237    0.50433 
83.0819658    0.69685 
83.10214923    0.82719 
83.12233267      0.949 
83.1425161    0.99085 
83.16269953    0.90444 
83.18288297    0.71169 
83.2030664    0.53064 
83.22324983    0.39535 
83.24343327    0.28314 
83.2636167    0.23574 
83.28380013    0.18514 
83.30398357    0.11966 
 83.324167    0.06181 
83.34435043    0.03705 
83.36453387    0.01209 
83.3847173    0.02668 
83.40490073    0.02156 
83.42508417    0.04612 
83.4452676    0.06513 
83.46545103    0.06388 
83.48563447    0.06445 
83.5058179    0.04826 
83.52600133    0.01938 
83.54618477    0.03872 
83.5663682    0.05828 
83.58655163    0.07491 
83.60673507    0.06227 
83.6269185    0.03911 
83.64710193    0.02525 
83.66728537    0.02385 
83.6874688    0.03316 
83.70765223    0.02946 
83.72783567     0.0161 
83.7480191    0.00128 
83.76820253    0.00627 
83.78838597          0 
83.8085694          0 
83.82875283          0 
83.84893627          0 
83.8691197          0 
83.88930313    0.00089 
83.90948657    0.00091 
  83.92967          0 
83.94985343    0.00513 
83.97003687    0.01489 
83.9902203    0.03512 
84.01040373    0.05055 
84.03058717     0.0541 
84.0507706    0.07068 
84.07095403    0.07097 
84.09113747    0.05875 
84.1113209     0.0335 
84.13150433    0.02088 
84.15168777    0.01704 
84.1718712    0.02041 
84.19205463    0.02247 
84.21223807     0.0241 
84.2324215    0.01099 
84.25260494    0.00746 
84.27278837          0 
84.2929718          0 
84.31315524          0 
84.33333867          0 
84.3535221     0.0044 
84.37370554     0.0138 
84.39388897    0.02261 
84.4140724    0.03023 
84.43425584    0.03299 
84.45443927    0.02631 
84.4746227     0.0229 
84.49480614    0.01019 
84.51498957    0.01315 
 84.535173    0.01741 
84.55535644    0.02336 
84.57553987    0.02794 
84.5957233    0.02482 
84.61590674    0.03194 
84.63609017    0.02726 
84.6562736     0.0154 
84.67645704    0.01386 
84.69664047    0.01414 
84.7168239    0.01025 
84.73700734    0.01532 
84.75719077    0.00253 
84.7773742    0.00291 
84.79755764     0.0177 
84.81774107    0.02019 
84.8379245    0.02198 
84.85810794    0.02073 
84.87829137          0 
84.8984748          0 
84.91865824    0.00976 
84.93884167    0.00506 
84.9590251    0.01318 
84.97920854    0.01252 
84.99939197    0.01348 
85.0195754    0.01427 
85.03975884    0.01865 
85.05994227    0.01692 
85.0801257    0.01047 
85.10030914    0.01329 
85.12049257    0.02545 
 85.140676    0.03719 
85.16085944    0.02622 
85.18104287    0.01608 
85.2012263    0.00018 
85.22140974    0.00258 
85.24159317    0.00727 
85.2617766    0.00656 
85.28196004    0.00503 
85.30214347    0.01002 
85.3223269    0.02214 
85.34251034    0.03663 
85.36269377    0.03561 
85.3828772    0.01532 
85.40306064          0 
85.42324407          0 
85.4434275          0 
85.46361094    0.00616 
85.48379437    0.02006 
85.5039778    0.02105 
85.52416124    0.02353 
85.54434467    0.01856 
85.5645281    0.01137 
85.58471154          0 
85.60489497          0 
85.6250784          0 
85.64526184    0.00398 
85.66544527    0.00903 
85.68562871    0.01766 
85.70581214    0.01646 
85.72599557    0.00838 
85.74617901    0.00083 
85.76636244    0.00546 
85.78654587    0.01089 
85.80672931    0.01787 
85.82691274    0.02947 
85.84709617    0.03601 
85.86727961    0.01804 
85.88746304    0.01951 
85.90764647     0.0167 
85.92782991    0.01414 
85.94801334    0.02877 
85.96819677    0.03882 
85.98838021    0.04302 
86.00856364    0.04129 
86.02874707    0.04684 
86.04893051    0.04881 
86.06911394    0.04321 
86.08929737    0.02849 
86.10948081    0.00225 
86.12966424    0.00294 
86.14984767    0.02038 
86.17003111    0.02159 
86.19021454    0.02808 
86.21039797    0.01553 
86.23058141          0 
86.25076484          0 
86.27094827    0.00139 
86.29113171          0 
86.31131514    0.00722 
86.33149857    0.01062 
86.35168201    0.01202 
86.37186544    0.03543 
86.39204887     0.0297 
86.41223231    0.01985 
86.43241574    0.02507 
86.45259917    0.01359 
86.47278261    0.00818 
86.49296604    0.01213 
86.51314947    0.00491 
86.53333291    0.00831 
86.55351634    0.01155 
86.57369977    0.00786 
86.59388321    0.00415 
86.61406664          0 
86.63425007          0 
86.65443351          0 
86.67461694          0 
86.69480037          0 
86.71498381     0.0034 
86.73516724    0.00495 
86.75535067    0.00973 
86.77553411    0.00674 
86.79571754    0.01536 
86.81590097    0.00919 
86.83608441    0.02092 
86.85626784    0.02372 
86.87645127     0.0242 
86.89663471     0.0211 
86.91681814    0.03354 
86.93700157    0.03726 
86.95718501    0.04942 
86.97736844    0.04442 
86.99755187     0.0397 
87.01773531    0.02852 
87.03791874    0.02887 
87.05810217     0.0235 
87.07828561    0.01438 
87.09846904    0.01217 
87.11865247    0.02061 
87.13883591    0.03049 
87.15901934      0.045 
87.17920278    0.03254 
87.19938621          0 
87.21956964          0 
87.23975308          0 
87.25993651    0.01766 
87.28011994    0.02864 
87.30030338    0.03023 
87.32048681    0.01875 
87.34067024    0.02327 
87.36085368    0.01615 
87.38103711    0.02458 
87.40122054    0.01542 
87.42140398    0.01949 
87.44158741    0.01442 
87.46177084    0.02835 
87.48195428    0.03737 
87.50213771    0.03305 
87.52232114    0.01957 
87.54250458    0.00992 
87.56268801          0 
87.58287144          0 
87.60305488    0.01027 
87.62323831    0.01591 
87.64342174    0.02282 
87.66360518    0.01939 
87.68378861    0.01071 
87.70397204          0 
87.72415548     0.0013 
87.74433891    0.00303 
87.76452234    0.01159 
87.78470578     0.0131 
87.80488921     0.0096 
87.82507264          0 
87.84525608          0 
87.86543951          0 
87.88562294    0.00546 
87.90580638    0.01137 
87.92598981    0.00959 
87.94617324    0.01352 
87.96635668    0.01111 
87.98654011    0.00914 
88.00672354    0.00861 
88.02690698    0.00716 
88.04709041    0.00214 
88.06727384    0.00241 
88.08745728          0 
88.10764071    0.00697 
88.12782414    0.01262 
88.14800758    0.01239 
88.16819101    0.00838 
88.18837444    0.01776 
88.20855788    0.01882 
88.22874131    0.02341 
88.24892474    0.01952 
88.26910818    0.01226 
88.28929161     0.0069 
88.30947504    0.01512 
88.32965848    0.01906 
88.34984191      0.021 
88.37002534    0.01426 
88.39020878    0.00754 
88.41039221    0.01167 
88.43057564    0.01754 
88.45075908    0.02327 
88.47094251    0.02388 
88.49112594    0.01962 
88.51130938    0.00604 
88.53149281    0.00055 
88.55167624     -0.001 
88.57185968          0 
88.59204311    0.00017 
88.61222655          0 
88.63240998          0 
88.65259341    0.02213 
88.67277685    0.02399 
88.69296028    0.03359 
88.71314371    0.03583 
88.73332715    0.02117 
88.75351058    0.00604 
88.77369401    0.00788 
88.79387745   -0.00137 
88.81406088    0.00806 
88.83424431    0.01852 
88.85442775    0.02443 
88.87461118    0.02922 
88.89479461    0.02188 
88.91497805    0.01029 
88.93516148          0 
88.95534491          0 
88.97552835          0 
88.99571178          0 
89.01589521    0.00743 
89.03607865    0.01418 
89.05626208    0.00509 
89.07644551    0.01504 
89.09662895    0.01065 
89.11681238    0.00216 
89.13699581    0.00302 
89.15717925    0.00878 
89.17736268    0.01319 
89.19754611    0.02098 
89.21772955    0.01655 
89.23791298    0.00152 
89.25809641   -0.00281 
89.27827985   -0.00129 
89.29846328          0 
89.31864671          0 
89.33883015          0 
89.35901358          0 
89.37919701    0.01029 
89.39938045    0.01728 
89.41956388    0.01568 
89.43974731    0.01291 
89.45993075    0.00124 
89.48011418          0 
89.50029761    0.00249 
89.52048105    0.00287 
89.54066448     0.0073 
89.56084791    0.01442 
89.58103135    0.01283 
89.60121478    0.01333 
89.62139821    0.00954 
89.64158165    0.00018 
89.66176508          0 
89.68194851          0 
89.70213195    0.00134 
89.72231538     0.0115 
89.74249881    0.02066 
89.76268225    0.01396 
89.78286568    0.01009 
89.80304911    0.01063 
89.82323255    0.00625 
89.84341598    0.00255 
89.86359941          0 
89.88378285          0 
89.90396628          0 
89.92414971          0 