     30.01          0 
     30.03          0 
     30.05    0.07838 
     30.07          0 
     30.09          0 
     30.11    0.09347 
     30.13          0 
     30.15          0 
     30.17          0 
     30.19    0.10109 
     30.21    0.42617 
     30.23    0.19212 
     30.25    0.14215 
     30.27    0.10697 
     30.29          0 
     30.31    0.08087 
     30.33    0.10607 
     30.35    0.11449 
     30.37    0.16493 
     30.39    0.11145 
     30.41    0.06875 
     30.43    0.04779 
     30.45          0 
     30.47    0.02861 
     30.49      0.048 
     30.51    0.02653 
     30.53    0.07405 
     30.55    0.07593 
     30.57     0.0939 
     30.59    0.08455 
     30.61    0.07453 
     30.63    0.07673 
     30.65    0.07984 
     30.67    0.08442 
     30.69    0.09792 
     30.71    0.11883 
     30.73    0.13097 
     30.75    0.14626 
     30.77    0.14811 
     30.79    0.14642 
     30.81    0.14235 
     30.83    0.12644 
     30.85    0.11797 
     30.87    0.10745 
     30.89    0.08453 
     30.91     0.0824 
     30.93    0.06052 
     30.95    0.04808 
     30.97    0.04817 
     30.99    0.04919 
     31.01    0.05804 
     31.03    0.07206 
     31.05    0.06633 
     31.07    0.06985 
     31.09    0.11018 
     31.11     0.1078 
     31.13    0.11176 
     31.15    0.11262 
     31.17    0.14148 
     31.19    0.17119 
     31.21    0.17765 
     31.23    0.20222 
     31.25    0.19115 
     31.27    0.17523 
     31.29    0.16983 
     31.31    0.17012 
     31.33    0.16612 
     31.35    0.17504 
     31.37    0.17866 
     31.39    0.17506 
     31.41    0.19245 
     31.43    0.17094 
     31.45    0.20703 
     31.47     0.2177 
     31.49    0.19812 
     31.51    0.26771 
     31.53    0.25774 
     31.55    0.29314 
     31.57    0.31556 
     31.59    0.26624 
     31.61     0.2569 
     31.63    0.24219 
     31.65    0.27154 
     31.67    0.27384 
     31.69    0.25319 
     31.71    0.24062 
     31.73    0.19319 
     31.75    0.18606 
     31.77    0.18164 
     31.79    0.17879 
     31.81     0.1644 
     31.83    0.15175 
     31.85    0.16227 
     31.87    0.16081 
     31.89    0.17393 
     31.91    0.18069 
     31.93    0.21195 
     31.95    0.21074 
     31.97    0.23601 
     31.99    0.24571 
     32.01    0.23829 
     32.03    0.24941 
     32.05      0.218 
     32.07    0.21206 
     32.09     0.2423 
     32.11    0.25392 
     32.13    0.26946 
     32.15    0.28094 
     32.17    0.28886 
     32.19    0.28761 
     32.21    0.27685 
     32.23    0.27025 
     32.25    0.25903 
     32.27    0.23967 
     32.29    0.25617 
     32.31    0.28931 
     32.33    0.33336 
     32.35     0.3572 
     32.37     0.3606 
     32.39    0.36807 
     32.41    0.37952 
     32.43    0.36617 
     32.45    0.35505 
     32.47    0.32684 
     32.49    0.33725 
     32.51    0.32332 
     32.53    0.33177 
     32.55    0.33747 
     32.57    0.31666 
     32.59    0.29916 
     32.61    0.30959 
     32.63    0.33114 
     32.65    0.35313 
     32.67     0.3387 
     32.69    0.35634 
     32.71    0.33918 
     32.73    0.35731 
     32.75    0.37766 
     32.77    0.42189 
     32.79    0.42922 
     32.81    0.41534 
     32.83    0.37514 
     32.85    0.30279 
     32.87     0.3097 
     32.89    0.32139 
     32.91     0.3275 
     32.93    0.32405 
     32.95    0.34306 
     32.97    0.33736 
     32.99    0.29634 
     33.01    0.29609 
     33.03    0.27283 
     33.05    0.27563 
     33.07    0.29955 
     33.09    0.31643 
     33.11    0.33536 
     33.13    0.31591 
     33.15    0.29759 
     33.17    0.29259 
     33.19    0.23097 
     33.21    0.26266 
     33.23    0.26318 
     33.25    0.26259 
     33.27    0.24625 
     33.29    0.21159 
     33.31    0.15797 
     33.33    0.15857 
     33.35    0.20202 
     33.37    0.23474 
     33.39    0.26091 
     33.41    0.26112 
     33.43    0.28904 
     33.45    0.25804 
     33.47    0.20305 
     33.49    0.19832 
     33.51     0.1923 
     33.53    0.18076 
     33.55    0.19576 
     33.57    0.19259 
     33.59    0.18746 
     33.61    0.16751 
     33.63    0.17358 
     33.65     0.1536 
     33.67     0.1705 
     33.69    0.22763 
     33.71     0.2418 
     33.73    0.22506 
     33.75    0.23028 
     33.77    0.22323 
     33.79    0.21976 
     33.81    0.24881 
     33.83    0.24721 
     33.85    0.23599 
     33.87     0.2382 
     33.89    0.22879 
     33.91    0.22067 
     33.93    0.19881 
     33.95      0.156 
     33.97    0.16539 
     33.99    0.16153 
     34.01    0.17223 
     34.03    0.17626 
     34.05     0.1829 
     34.07    0.18584 
     34.09    0.16592 
     34.11    0.16375 
     34.13     0.1781 
     34.15    0.18788 
     34.17    0.17153 
     34.19    0.14269 
     34.21    0.13279 
     34.23    0.13917 
     34.25    0.16841 
     34.27    0.22386 
     34.29    0.22299 
     34.31    0.22869 
     34.33    0.23367 
     34.35    0.26501 
     34.37     0.2548 
     34.39    0.27104 
     34.41    0.24458 
     34.43    0.24912 
     34.45    0.26875 
     34.47    0.26494 
     34.49    0.28782 
     34.51    0.25926 
     34.53    0.24937 
     34.55    0.21178 
     34.57    0.18252 
     34.59    0.17231 
     34.61    0.15445 
     34.63    0.14247 
     34.65    0.11119 
     34.67    0.11433 
     34.69    0.14456 
     34.71    0.16106 
     34.73    0.19244 
     34.75    0.20486 
     34.77    0.19072 
     34.79    0.20576 
     34.81    0.19621 
     34.83    0.20344 
     34.85    0.18919 
     34.87    0.18046 
     34.89    0.17345 
     34.91    0.19884 
     34.93     0.1652 
     34.95    0.15558 
     34.97    0.15642 
     34.99    0.11993 
     35.01    0.10893 
     35.03     0.1074 
     35.05    0.11372 
     35.07    0.12344 
     35.09    0.12061 
     35.11    0.12762 
     35.13    0.10164 
     35.15    0.13408 
     35.17     0.1524 
     35.19    0.13427 
     35.21    0.15473 
     35.23    0.14787 
     35.25    0.16028 
     35.27     0.1888 
     35.29    0.20019 
     35.31    0.19914 
     35.33    0.20158 
     35.35    0.19592 
     35.37    0.18651 
     35.39    0.17425 
     35.41      0.156 
     35.43    0.16133 
     35.45    0.13494 
     35.47    0.12151 
     35.49    0.11961 
     35.51    0.10784 
     35.53    0.09641 
     35.55    0.09524 
     35.57    0.07914 
     35.59    0.08024 
     35.61    0.06204 
     35.63    0.06119 
     35.65    0.06386 
     35.67    0.02934 
     35.69    0.05921 
     35.71    0.06391 
     35.73    0.11519 
     35.75    0.12218 
     35.77     0.1396 
     35.79    0.10487 
     35.81    0.10828 
     35.83     0.1106 
     35.85    0.12485 
     35.87    0.15702 
     35.89    0.19008 
     35.91    0.20859 
     35.93    0.20078 
     35.95    0.19265 
     35.97    0.18009 
     35.99    0.17994 
     36.01    0.21763 
     36.03    0.25441 
     36.05    0.26328 
     36.07    0.25886 
     36.09    0.21877 
     36.11    0.19269 
     36.13    0.18008 
     36.15    0.12677 
     36.17    0.15504 
     36.19    0.12592 
     36.21    0.08553 
     36.23    0.06809 
     36.25    0.08459 
     36.27    0.03051 
     36.29    0.07767 
     36.31    0.11627 
     36.33    0.12545 
     36.35    0.15021 
     36.37    0.13228 
     36.39    0.13088 
     36.41     0.1119 
     36.43    0.12353 
     36.45     0.1461 
     36.47     0.1869 
     36.49    0.21638 
     36.51    0.23807 
     36.53    0.21045 
     36.55    0.20219 
     36.57    0.18247 
     36.59    0.17834 
     36.61    0.19143 
     36.63    0.19574 
     36.65    0.18302 
     36.67    0.18916 
     36.69    0.18238 
     36.71    0.17666 
     36.73    0.19008 
     36.75    0.18133 
     36.77    0.19698 
     36.79    0.21585 
     36.81    0.21932 
     36.83    0.23841 
     36.85    0.24832 
     36.87    0.27105 
     36.89    0.25139 
     36.91    0.27488 
     36.93    0.30403 
     36.95    0.31366 
     36.97    0.34803 
     36.99    0.31139 
     37.01    0.27252 
     37.03    0.28903 
     37.05    0.27473 
     37.07    0.26899 
     37.09    0.29334 
     37.11    0.35954 
     37.13    0.33713 
     37.15    0.40451 
     37.17    0.45981 
     37.19    0.47551 
     37.21     0.4797 
     37.23    0.57885 
     37.25    0.62788 
     37.27    0.79139 
     37.29    0.89729 
     37.31    0.99986 
     37.33     1.0365 
     37.35    1.07409 
     37.37    1.11601 
     37.39     1.1708 
     37.41    1.22171 
     37.43    1.30442 
     37.45    1.38216 
     37.47    1.45229 
     37.49    1.60456 
     37.51    1.73971 
     37.53     1.8435 
     37.55    2.04246 
     37.57    2.24983 
     37.59    2.45163 
     37.61    2.60162 
     37.63    2.81671 
     37.65      3.023 
     37.67     3.2554 
     37.69    3.40143 
     37.71      3.818 
     37.73    4.25438 
     37.75    4.78188 
     37.77    5.33954 
     37.79    5.84828 
     37.81    6.47523 
     37.83    7.11773 
     37.85    7.90928 
     37.87    8.96493 
     37.89   10.14966 
     37.91   11.75663 
     37.93   13.71015 
     37.95   15.94745 
     37.97   18.66748 
     37.99   21.90737 
     38.01   25.13318 
     38.03   29.21876 
     38.05   33.67031 
     38.07   38.72381 
     38.09   44.09726 
     38.11   50.14488 
     38.13   56.10745 
     38.15   62.30525 
     38.17   68.34725 
     38.19   74.54565 
     38.21    80.2227 
     38.23   85.63737 
     38.25   90.23564 
     38.27   93.86296 
     38.29   96.91554 
     38.31   98.99557 
     38.33   99.99341 
     38.35        100 
     38.37   98.80438 
     38.39     96.483 
     38.41   93.32708 
     38.43    89.0854 
     38.45   84.29192 
     38.47   78.76926 
     38.49   72.72191 
     38.51   66.71287 
     38.53   60.56262 
     38.55   54.48233 
     38.57    48.4294 
     38.59   42.63471 
     38.61    36.8687 
     38.63   31.75974 
     38.65    27.1187 
     38.67   23.13753 
     38.69   19.68712 
     38.71   16.94998 
     38.73   14.46266 
     38.75   12.43252 
     38.77   11.05759 
     38.79    9.75125 
     38.81    8.54264 
     38.83    7.55501 
     38.85     6.7059 
     38.87     5.8508 
     38.89     5.4822 
     38.91     5.0031 
     38.93    4.71842 
     38.95    4.39514 
     38.97    4.22104 
     38.99    3.79857 
     39.01    3.59887 
     39.03    3.23122 
     39.05    2.81521 
     39.07    2.38161 
     39.09    2.16005 
     39.11    1.92583 
     39.13    1.81469 
     39.15    1.74633 
     39.17    1.73001 
     39.19    1.67331 
     39.21    1.55643 
     39.23    1.40368 
     39.25    1.29299 
     39.27    1.06825 
     39.29    0.90707 
     39.31    0.80835 
     39.33     0.7152 
     39.35    0.65185 
     39.37    0.73926 
     39.39    0.72595 
     39.41    0.73765 
     39.43    0.74245 
     39.45    0.76992 
     39.47    0.64624 
     39.49    0.63476 
     39.51     0.5782 
     39.53    0.51304 
     39.55    0.47665 
     39.57    0.48794 
     39.59    0.43138 
     39.61    0.39578 
     39.63    0.34345 
     39.65    0.29487 
     39.67    0.23871 
     39.69    0.18735 
     39.71    0.08989 
     39.73    0.04251 
     39.75    0.05833 
     39.77    0.07761 
     39.79    0.13035 
     39.81    0.13837 
     39.83     0.2371 
     39.85    0.27039 
     39.87      0.274 
     39.89    0.28005 
     39.91    0.27281 
     39.93     0.2778 
     39.95    0.24006 
     39.97    0.29518 
     39.99    0.29602 
     40.01    0.30905 
     40.03    0.29024 
     40.05    0.29971 
     40.07    0.26767 
     40.09    0.24817 
     40.11    0.22646 
     40.13    0.22821 
     40.15    0.22447 
     40.17       0.18 
     40.19    0.17672 
     40.21    0.26806 
     40.23    0.29454 
     40.25    0.30157 
     40.27    0.31221 
     40.29    0.32393 
     40.31    0.28774 
     40.33    0.29942 
     40.35    0.28051 
     40.37    0.25402 
     40.39    0.25288 
     40.41    0.27697 
     40.43    0.22252 
     40.45    0.21633 
     40.47    0.21725 
     40.49    0.22164 
     40.51    0.21061 
     40.53     0.2472 
     40.55    0.27192 
     40.57    0.28706 
     40.59    0.30801 
     40.61    0.32149 
     40.63     0.2926 
     40.65    0.24083 
     40.67    0.26906 
     40.69    0.26468 
     40.71    0.24542 
     40.73     0.2405 
     40.75    0.22143 
     40.77    0.22086 
     40.79    0.18608 
     40.81    0.17976 
     40.83    0.11102 
     40.85    0.08022 
     40.87    0.06982 
     40.89    0.06236 
     40.91    0.02399 
     40.93    0.05014 
     40.95    0.10215 
     40.97    0.10599 
     40.99    0.09733 
     41.01      0.085 
     41.03    0.07249 
     41.05     0.0585 
     41.07    0.05272 
     41.09    0.06818 
     41.11     0.0558 
     41.13    0.07318 
     41.15    0.11384 
     41.17    0.13779 
     41.19    0.15385 
     41.21     0.1572 
     41.23     0.1681 
     41.25    0.17335 
     41.27    0.17027 
     41.29    0.16498 
     41.31    0.17274 
     41.33    0.20135 
     41.35    0.21995 
     41.37     0.1984 
     41.39    0.20626 
     41.41    0.22198 
     41.43    0.20613 
     41.45    0.16354 
     41.47    0.14469 
     41.49    0.10232 
     41.51    0.08794 
     41.53    0.08598 
     41.55    0.10741 
     41.57    0.11587 
     41.59    0.10685 
     41.61    0.09025 
     41.63    0.09788 
     41.65    0.08209 
     41.67    0.06833 
     41.69    0.07553 
     41.71    0.10037 
     41.73    0.10499 
     41.75    0.09335 
     41.77    0.11264 
     41.79    0.10833 
     41.81    0.10613 
     41.83    0.08802 
     41.85    0.07168 
     41.87    0.11238 
     41.89    0.10105 
     41.91    0.10505 
     41.93    0.10238 
     41.95    0.13081 
     41.97    0.12543 
     41.99    0.10889 
     42.01    0.12474 
     42.03    0.11942 
     42.05    0.13253 
     42.07    0.12255 
     42.09    0.13756 
     42.11    0.17351 
     42.13    0.17027 
     42.15    0.17729 
     42.17    0.17293 
     42.19     0.1711 
     42.21    0.14151 
     42.23    0.13253 
     42.25    0.11256 
     42.27    0.10119 
     42.29    0.09174 
     42.31    0.08238 
     42.33    0.09578 
     42.35    0.12821 
     42.37    0.12305 
     42.39    0.13637 
     42.41    0.11877 
     42.43     0.1325 
     42.45    0.12013 
     42.47    0.09765 
     42.49    0.11446 
     42.51    0.10153 
     42.53    0.12902 
     42.55    0.12081 
     42.57    0.15108 
     42.59    0.16769 
     42.61    0.16708 
     42.63    0.18615 
     42.65    0.17052 
     42.67    0.19487 
     42.69    0.17721 
     42.71    0.16681 
     42.73    0.17357 
     42.75    0.18767 
     42.77     0.1962 
     42.79    0.18034 
     42.81    0.19309 
     42.83    0.23499 
     42.85     0.1705 
     42.87    0.20476 
     42.89    0.23647 
     42.91    0.27924 
     42.93    0.27062 
     42.95    0.26826 
     42.97    0.26315 
     42.99    0.27572 
     43.01    0.24391 
     43.03    0.25192 
     43.05    0.26154 
     43.07    0.28831 
     43.09    0.29128 
     43.11    0.30714 
     43.13    0.33885 
     43.15    0.36445 
     43.17    0.35808 
     43.19    0.35308 
     43.21    0.38098 
     43.23     0.3912 
     43.25    0.40187 
     43.27    0.37029 
     43.29    0.43035 
     43.31    0.46534 
     43.33    0.46734 
     43.35    0.55391 
     43.37    0.58273 
     43.39    0.61067 
     43.41    0.57284 
     43.43    0.55862 
     43.45    0.53935 
     43.47    0.52279 
     43.49    0.43938 
     43.51    0.50931 
     43.53    0.56276 
     43.55    0.62877 
     43.57    0.69496 
     43.59    0.76695 
     43.61    0.88116 
     43.63    0.91837 
     43.65    0.95197 
     43.67      0.954 
     43.69    1.01263 
     43.71    1.08896 
     43.73    1.15684 
     43.75    1.22789 
     43.77    1.33901 
     43.79    1.43876 
     43.81    1.46879 
     43.83    1.51438 
     43.85    1.61938 
     43.87    1.74748 
     43.89    1.83593 
     43.91    2.03968 
     43.93    2.25489 
     43.95    2.44234 
     43.97    2.65852 
     43.99    3.02785 
     44.01    3.27747 
     44.03    3.56962 
     44.05    3.90573 
     44.07    4.35084 
     44.09    4.92351 
     44.11    5.42305 
     44.13    5.98261 
     44.15    6.61953 
     44.17    7.38112 
     44.19    8.23738 
     44.21      9.094 
     44.23   10.06565 
     44.25   11.18054 
     44.27   12.39743 
     44.29   13.58766 
     44.31   14.92858 
     44.33    16.2597 
     44.35   17.78068 
     44.37   19.15465 
     44.39   20.57504 
     44.41   22.05274 
     44.43   23.25381 
     44.45   24.44648 
     44.47   25.54393 
     44.49   26.30969 
     44.51   27.05104 
     44.53   27.52225 
     44.55   27.97793 
     44.57   28.09556 
     44.59   28.05785 
     44.61   27.88191 
     44.63   27.36864 
     44.65   26.73786 
     44.67   25.76049 
     44.69   24.56343 
     44.71   23.21669 
     44.73    21.7657 
     44.75   20.35031 
     44.77   18.76322 
     44.79    17.3485 
     44.81    15.9251 
     44.83   14.65445 
     44.85    13.3514 
     44.87   12.14151 
     44.89   11.02277 
     44.91    9.76132 
     44.93    8.75187 
     44.95    7.77096 
     44.97     6.7666 
     44.99     6.0842 
     45.01     5.3576 
     45.03    4.87832 
     45.05    4.41343 
     45.07    4.08348 
     45.09    3.77175 
     45.11    3.32153 
     45.13    3.03534 
     45.15    2.60511 
     45.17    2.27576 
     45.19    1.98051 
     45.21    1.78779 
     45.23    1.75247 
     45.25    1.59899 
     45.27    1.64974 
     45.29      1.516 
     45.31    1.43619 
     45.33    1.38836 
     45.35    1.19634 
     45.37    1.09326 
     45.39    0.93878 
     45.41    0.87991 
     45.43    0.80909 
     45.45    0.69222 
     45.47    0.67395 
     45.49    0.53757 
     45.51    0.51792 
     45.53    0.48551 
     45.55    0.39977 
     45.57    0.37724 
     45.59    0.36248 
     45.61    0.39497 
     45.63    0.36609 
     45.65    0.35492 
     45.67    0.34368 
     45.69    0.36414 
     45.71    0.35682 
     45.73    0.33917 
     45.75    0.35462 
     45.77    0.26662 
     45.79    0.29039 
     45.81    0.26791 
     45.83    0.24315 
     45.85    0.27663 
     45.87    0.26811 
     45.89    0.32482 
     45.91    0.29449 
     45.93    0.25819 
     45.95    0.25444 
     45.97    0.21293 
     45.99    0.20318 
     46.01    0.15853 
     46.03    0.13181 
     46.05    0.15872 
     46.07     0.1592 
     46.09    0.17965 
     46.11    0.17298 
     46.13    0.19702 
     46.15     0.2041 
     46.17    0.19463 
     46.19     0.1767 
     46.21     0.1702 
     46.23    0.16499 
     46.25    0.13055 
     46.27    0.11721 
     46.29    0.10931 
     46.31    0.10347 
     46.33    0.11407 
     46.35    0.06024 
     46.37    0.08428 
     46.39    0.07242 
     46.41    0.07859 
     46.43    0.06935 
     46.45    0.07863 
     46.47    0.07634 
     46.49    0.10985 
     46.51    0.13175 
     46.53     0.1698 
     46.55    0.19387 
     46.57      0.197 
     46.59    0.21554 
     46.61      0.209 
     46.63    0.21272 
     46.65    0.19102 
     46.67    0.17329 
     46.69    0.19341 
     46.71    0.17399 
     46.73    0.16239 
     46.75    0.16516 
     46.77    0.15991 
     46.79    0.16089 
     46.81    0.15869 
     46.83    0.13973 
     46.85    0.15565 
     46.87    0.15249 
     46.89     0.1395 
     46.91    0.12775 
     46.93    0.16793 
     46.95    0.17278 
     46.97    0.21588 
     46.99    0.23956 
     47.01    0.26414 
     47.03    0.24525 
     47.05    0.24136 
     47.07    0.26684 
     47.09    0.24465 
     47.11    0.21736 
     47.13    0.20005 
     47.15    0.21132 
     47.17     0.2005 
     47.19    0.16907 
     47.21    0.17769 
     47.23    0.18905 
     47.25     0.1806 
     47.27    0.19352 
     47.29    0.19424 
     47.31    0.15419 
     47.33    0.13406 
     47.35    0.13128 
     47.37    0.13912 
     47.39    0.13566 
     47.41    0.14687 
     47.43    0.16935 
     47.45    0.16035 
     47.47    0.16583 
     47.49    0.13758 
     47.51    0.13713 
     47.53    0.16243 
     47.55    0.15814 
     47.57    0.16776 
     47.59    0.13991 
     47.61    0.20586 
     47.63    0.23817 
     47.65    0.22746 
     47.67    0.25294 
     47.69    0.24576 
     47.71    0.27406 
     47.73    0.28045 
     47.75    0.25238 
     47.77    0.22535 
     47.79    0.19091 
     47.81    0.19709 
     47.83    0.21527 
     47.85    0.19599 
     47.87    0.19112 
     47.89    0.18074 
     47.91    0.16697 
     47.93    0.14664 
     47.95    0.15152 
     47.97     0.1387 
     47.99    0.12807 
     48.01     0.1198 
     48.03    0.13886 
     48.05    0.14692 
     48.07    0.14312 
     48.09    0.17448 
     48.11    0.18787 
     48.13    0.17933 
     48.15    0.18029 
     48.17    0.18414 
     48.19    0.20122 
     48.21    0.20175 
     48.23    0.18198 
     48.25    0.16921 
     48.27    0.15995 
     48.29     0.1746 
     48.31    0.17472 
     48.33    0.14074 
     48.35    0.16081 
     48.37    0.16413 
     48.39    0.18011 
     48.41    0.19093 
     48.43    0.18404 
     48.45    0.16034 
     48.47    0.14104 
     48.49    0.14561 
     48.51    0.13654 
     48.53    0.10729 
     48.55    0.08359 
     48.57    0.05558 
     48.59    0.09011 
     48.61    0.08686 
     48.63    0.09995 
     48.65    0.12928 
     48.67    0.12603 
     48.69    0.15996 
     48.71    0.17278 
     48.73     0.1872 
     48.75    0.21114 
     48.77    0.22609 
     48.79    0.22312 
     48.81    0.21735 
     48.83    0.25349 
     48.85    0.25586 
     48.87    0.26789 
     48.89    0.26973 
     48.91    0.25808 
     48.93    0.23348 
     48.95    0.23055 
     48.97    0.19152 
     48.99    0.17139 
     49.01    0.12455 
     49.03    0.13277 
     49.05    0.15903 
     49.07    0.20828 
     49.09    0.19537 
     49.11    0.19504 
     49.13    0.20848 
     49.15    0.21394 
     49.17    0.24058 
     49.19    0.21265 
     49.21    0.20035 
     49.23    0.20962 
     49.25    0.20153 
     49.27    0.20194 
     49.29    0.18477 
     49.31    0.19988 
     49.33    0.20268 
     49.35    0.20878 
     49.37     0.1953 
     49.39    0.14629 
     49.41    0.13251 
     49.43    0.12571 
     49.45    0.07842 
     49.47    0.08589 
     49.49    0.05288 
     49.51    0.10675 
     49.53    0.09643 
     49.55    0.07988 
     49.57    0.07181 
     49.59    0.09757 
     49.61    0.14664 
     49.63    0.15645 
     49.65    0.15931 
     49.67    0.17046 
     49.69    0.21939 
     49.71      0.242 
     49.73    0.24068 
     49.75    0.25482 
     49.77     0.2602 
     49.79    0.26581 
     49.81     0.2345 
     49.83    0.21766 
     49.85    0.19387 
     49.87    0.16887 
     49.89    0.16853 
     49.91    0.16257 
     49.93    0.16127 
     49.95    0.16611 
     49.97    0.14572 
     49.99      0.152 
     50.01    0.12485 
     50.03    0.13476 
     50.05    0.15744 
     50.07    0.16735 
     50.09     0.1789 
     50.11    0.17986 
     50.13    0.19651 
     50.15     0.2265 
     50.17    0.22755 
     50.19    0.23645 
     50.21    0.23775 
     50.23    0.24742 
     50.25    0.21334 
     50.27    0.18216 
     50.29    0.17535 
     50.31    0.20101 
     50.33    0.20641 
     50.35    0.19951 
     50.37    0.20919 
     50.39    0.22491 
     50.41    0.23866 
     50.43    0.19662 
     50.45    0.17228 
     50.47    0.15995 
     50.49    0.15444 
     50.51    0.15701 
     50.53    0.15525 
     50.55    0.15797 
     50.57    0.17924 
     50.59     0.1906 
     50.61    0.18699 
     50.63    0.17955 
     50.65    0.17363 
     50.67    0.16517 
     50.69    0.12266 
     50.71    0.12924 
     50.73    0.10895 
     50.75    0.13203 
     50.77    0.15763 
     50.79    0.16472 
     50.81    0.18062 
     50.83    0.17951 
     50.85    0.18493 
     50.87    0.20879 
     50.89    0.19885 
     50.91    0.16593 
     50.93    0.18251 
     50.95    0.18556 
     50.97    0.19935 
     50.99    0.18826 
     51.01    0.19106 
     51.03    0.18341 
     51.05    0.17971 
     51.07    0.15064 
     51.09    0.14767 
     51.11    0.13403 
     51.13    0.13529 
     51.15    0.11285 
     51.17    0.11727 
     51.19    0.13571 
     51.21    0.13612 
     51.23    0.14578 
     51.25    0.14089 
     51.27    0.15047 
     51.29    0.19142 
     51.31    0.19486 
     51.33    0.19633 
     51.35    0.19836 
     51.37    0.18477 
     51.39    0.19513 
     51.41    0.21508 
     51.43    0.18956 
     51.45    0.17636 
     51.47    0.17724 
     51.49    0.16883 
     51.51    0.17234 
     51.53    0.14638 
     51.55    0.14152 
     51.57    0.15293 
     51.59    0.15791 
     51.61    0.17074 
     51.63    0.18274 
     51.65    0.17961 
     51.67    0.19944 
     51.69     0.2158 
     51.71    0.21314 
     51.73    0.22925 
     51.75    0.26256 
     51.77    0.26053 
     51.79    0.25275 
     51.81    0.24894 
     51.83    0.23471 
     51.85    0.21926 
     51.87    0.22246 
     51.89    0.18939 
     51.91    0.16042 
     51.93    0.15484 
     51.95    0.13811 
     51.97    0.12501 
     51.99    0.12847 
     52.01     0.1047 
     52.03    0.12328 
     52.05    0.13631 
     52.07    0.14296 
     52.09    0.15555 
     52.11    0.14619 
     52.13    0.14745 
     52.15    0.17637 
     52.17    0.14736 
     52.19    0.15263 
     52.21    0.17595 
     52.23    0.16107 
     52.25    0.15618 
     52.27     0.1693 
     52.29    0.15735 
     52.31    0.17032 
     52.33    0.15495 
     52.35      0.162 
     52.37    0.17409 
     52.39    0.21086 
     52.41    0.23187 
     52.43    0.22975 
     52.45    0.25604 
     52.47    0.26353 
     52.49    0.28026 
     52.51    0.28585 
     52.53    0.27833 
     52.55    0.25981 
     52.57    0.26746 
     52.59      0.255 
     52.61    0.27944 
     52.63    0.26088 
     52.65    0.25341 
     52.67    0.27832 
     52.69    0.26886 
     52.71    0.23539 
     52.73    0.22386 
     52.75    0.21136 
     52.77    0.19253 
     52.79    0.18581 
     52.81    0.17584 
     52.83    0.18427 
     52.85    0.22438 
     52.87    0.22717 
     52.89    0.22436 
     52.91    0.22725 
     52.93    0.26656 
     52.95    0.29971 
     52.97    0.33157 
     52.99    0.31825 
     53.01    0.33699 
     53.03    0.33291 
     53.05    0.36832 
     53.07    0.36059 
     53.09     0.3495 
     53.11    0.31392 
     53.13    0.30588 
     53.15    0.27391 
     53.17    0.25894 
     53.19    0.20601 
     53.21    0.20249 
     53.23    0.18194 
     53.25    0.17394 
     53.27    0.18041 
     53.29    0.19823 
     53.31    0.19984 
     53.33    0.22857 
     53.35    0.23459 
     53.37    0.26606 
     53.39    0.27395 
     53.41    0.29937 
     53.43    0.33075 
     53.45    0.33003 
     53.47    0.31336 
     53.49    0.32641 
     53.51    0.31863 
     53.53      0.346 
     53.55    0.33067 
     53.57    0.30513 
     53.59    0.30525 
     53.61    0.30119 
     53.63    0.29638 
     53.65    0.30097 
     53.67    0.27221 
     53.69    0.29511 
     53.71    0.28377 
     53.73    0.28641 
     53.75    0.29599 
     53.77    0.28231 
     53.79    0.27863 
     53.81    0.29068 
     53.83     0.2838 
     53.85    0.25663 
     53.87    0.23777 
     53.89    0.24214 
     53.91    0.24162 
     53.93    0.22168 
     53.95    0.23241 
     53.97    0.22424 
     53.99     0.2533 
     54.01    0.25966 
     54.03     0.2772 
     54.05    0.25805 
     54.07    0.29343 
     54.09     0.2983 
     54.11    0.30778 
     54.13    0.31561 
     54.15    0.32057 
     54.17    0.32232 
     54.19    0.33529 
     54.21    0.31744 
     54.23     0.3103 
     54.25    0.30444 
     54.27    0.31301 
     54.29    0.32643 
     54.31    0.31005 
     54.33    0.28614 
     54.35    0.29247 
     54.37    0.27993 
     54.39    0.29206 
     54.41    0.28806 
     54.43    0.29726 
     54.45    0.27396 
     54.47    0.29784 
     54.49    0.32453 
     54.51    0.32791 
     54.53    0.29427 
     54.55    0.32007 
     54.57    0.29207 
     54.59    0.27158 
     54.61    0.28607 
     54.63    0.28484 
     54.65     0.2749 
     54.67    0.26529 
     54.69     0.2392 
     54.71    0.24487 
     54.73    0.27042 
     54.75    0.25891 
     54.77    0.24427 
     54.79    0.21082 
     54.81    0.21756 
     54.83    0.22311 
     54.85    0.24834 
     54.87    0.27434 
     54.89    0.24849 
     54.91    0.24781 
     54.93    0.23922 
     54.95     0.2544 
     54.97    0.25283 
     54.99    0.23416 
     55.01     0.2267 
     55.03    0.24898 
     55.05    0.24551 
     55.07    0.26314 
     55.09    0.26864 
     55.11    0.25927 
     55.13    0.25484 
     55.15    0.24046 
     55.17    0.24882 
     55.19    0.24433 
     55.21    0.23183 
     55.23    0.22106 
     55.25    0.21897 
     55.27    0.23075 
     55.29    0.23571 
     55.31    0.23617 
     55.33    0.23691 
     55.35    0.22732 
     55.37    0.20734 
     55.39     0.1976 
     55.41    0.20008 
     55.43    0.19682 
     55.45    0.18374 
     55.47    0.19801 
     55.49    0.21352 
     55.51    0.22955 
     55.53    0.24665 
     55.55    0.26869 
     55.57    0.25501 
     55.59    0.27693 
     55.61    0.25575 
     55.63    0.26492 
     55.65     0.2507 
     55.67    0.25055 
     55.69    0.22598 
     55.71    0.22434 
     55.73    0.20184 
     55.75    0.20059 
     55.77    0.18827 
     55.79    0.20747 
     55.81    0.21268 
     55.83    0.22417 
     55.85    0.19778 
     55.87    0.18537 
     55.89    0.16131 
     55.91     0.1352 
     55.93    0.13742 
     55.95    0.15067 
     55.97    0.17196 
     55.99    0.19306 
     56.01    0.21798 
     56.03    0.25135 
     56.05    0.25403 
     56.07    0.28942 
     56.09    0.27066 
     56.11    0.29745 
     56.13    0.27949 
     56.15    0.28103 
     56.17    0.22962 
     56.19    0.23561 
     56.21    0.22251 
     56.23     0.2227 
     56.25    0.20952 
     56.27    0.19731 
     56.29    0.17757 
     56.31    0.15434 
     56.33    0.12563 
     56.35    0.11681 
     56.37    0.09986 
     56.39    0.09353 
     56.41    0.10831 
     56.43    0.13764 
     56.45    0.15132 
     56.47    0.19196 
     56.49    0.20175 
     56.51     0.2174 
     56.53    0.24185 
     56.55    0.26069 
     56.57    0.23508 
     56.59    0.25072 
     56.61    0.23045 
     56.63    0.21124 
     56.65    0.20361 
     56.67    0.20839 
     56.69    0.15921 
     56.71    0.17225 
     56.73    0.17797 
     56.75    0.14546 
     56.77    0.15034 
     56.79    0.14761 
     56.81    0.15798 
     56.83    0.17015 
     56.85    0.19197 
     56.87    0.18487 
     56.89    0.18538 
     56.91    0.20259 
     56.93    0.18763 
     56.95    0.19665 
     56.97    0.19837 
     56.99    0.19468 
     57.01    0.20131 
     57.03    0.21284 
     57.05    0.20716 
     57.07    0.20293 
     57.09    0.19574 
     57.11    0.18266 
     57.13    0.18104 
     57.15    0.19239 
     57.17    0.19573 
     57.19     0.2155 
     57.21    0.19913 
     57.23    0.18633 
     57.25    0.18627 
     57.27    0.20317 
     57.29     0.2022 
     57.31    0.18952 
     57.33    0.18166 
     57.35    0.14178 
     57.37    0.12986 
     57.39     0.1363 
     57.41     0.1407 
     57.43    0.14421 
     57.45    0.14823 
     57.47     0.1208 
     57.49    0.13174 
     57.51    0.15031 
     57.53    0.14013 
     57.55    0.11873 
     57.57    0.12145 
     57.59    0.11444 
     57.61    0.13165 
     57.63    0.17174 
     57.65    0.15806 
     57.67    0.12245 
     57.69     0.1249 
     57.71    0.13924 
     57.73    0.11823 
     57.75    0.14964 
     57.77    0.12695 
     57.79    0.10944 
     57.81    0.12346 
     57.83    0.14859 
     57.85    0.17671 
     57.87    0.15385 
     57.89    0.19513 
     57.91    0.18728 
     57.93    0.19413 
     57.95    0.20466 
     57.97    0.21799 
     57.99    0.19456 
     58.01    0.19281 
     58.03    0.21158 
     58.05    0.18451 
     58.07     0.1983 
     58.09    0.19601 
     58.11    0.19472 
     58.13    0.17646 
     58.15    0.17536 
     58.17    0.18606 
     58.19     0.1876 
     58.21    0.18753 
     58.23    0.20328 
     58.25    0.21302 
     58.27    0.22665 
     58.29    0.24499 
     58.31    0.22808 
     58.33    0.21672 
     58.35    0.19323 
     58.37    0.19491 
     58.39    0.16292 
     58.41    0.14816 
     58.43    0.12169 
     58.45    0.11086 
     58.47    0.11245 
     58.49    0.12932 
     58.51    0.14578 
     58.53    0.13906 
     58.55    0.17203 
     58.57    0.16389 
     58.59    0.17305 
     58.61    0.17339 
     58.63    0.17889 
     58.65    0.16346 
     58.67    0.14866 
     58.69    0.17201 
     58.71    0.19231 
     58.73    0.21786 
     58.75    0.19638 
     58.77     0.1798 
     58.79    0.16511 
     58.81    0.17996 
     58.83    0.19833 
     58.85    0.18855 
     58.87    0.20014 
     58.89    0.18481 
     58.91    0.18094 
     58.93    0.20359 
     58.95    0.23039 
     58.97    0.24006 
     58.99     0.2331 
     59.01    0.23233 
     59.03    0.21878 
     59.05    0.20196 
     59.07    0.17749 
     59.09    0.15634 
     59.11    0.12171 
     59.13    0.09093 
     59.15    0.05991 
     59.17    0.07859 
     59.19    0.05107 
     59.21    0.05084 
     59.23    0.03417 
     59.25    0.05893 
     59.27    0.10057 
     59.29     0.1315 
     59.31    0.16644 
     59.33    0.15715 
     59.35    0.16274 
     59.37    0.15958 
     59.39    0.18669 
     59.41    0.20817 
     59.43    0.18715 
     59.45    0.18342 
     59.47    0.16386 
     59.49    0.17628 
     59.51    0.17322 
     59.53    0.14346 
     59.55     0.1143 
     59.57    0.10063 
     59.59    0.09576 
     59.61     0.0693 
     59.63    0.05479 
     59.65    0.03358 
     59.67    0.01971 
     59.69    0.05229 
     59.71    0.08067 
     59.73     0.1192 
     59.75    0.14687 
     59.77    0.15336 
     59.79    0.17038 
     59.81    0.15972 
     59.83    0.19081 
     59.85    0.18946 
     59.87    0.20184 
     59.89    0.18588 
     59.91    0.16031 
     59.93    0.19168 
     59.95    0.19013 
     59.97    0.19903 
     59.99    0.16961 
     60.01     0.1612 
     60.03    0.15695 
     60.05     0.1634 
     60.07    0.16021 
     60.09    0.13203 
     60.11     0.1318 
     60.13    0.10432 
     60.15    0.14916 
     60.17    0.17149 
     60.19    0.17536 
     60.21    0.18361 
     60.23    0.18979 
     60.25    0.20794 
     60.27      0.208 
     60.29    0.21743 
     60.31    0.22995 
     60.33    0.20712 
     60.35    0.21403 
     60.37    0.21835 
     60.39     0.1944 
     60.41    0.21031 
     60.43    0.20189 
     60.45    0.18789 
     60.47    0.19473 
     60.49    0.21118 
     60.51    0.20928 
     60.53    0.19841 
     60.55    0.18726 
     60.57    0.21775 
     60.59    0.22256 
     60.61    0.23707 
     60.63    0.23473 
     60.65    0.20945 
     60.67    0.18396 
     60.69    0.19062 
     60.71    0.19406 
     60.73    0.21031 
     60.75    0.17995 
     60.77    0.18238 
     60.79    0.16463 
     60.81    0.15436 
     60.83    0.18022 
     60.85    0.18865 
     60.87    0.17281 
     60.89    0.20407 
     60.91     0.2025 
     60.93    0.20526 
     60.95     0.2277 
     60.97    0.24155 
     60.99     0.2237 
     61.01    0.22301 
     61.03    0.22323 
     61.05    0.22993 
     61.07    0.20582 
     61.09    0.19313 
     61.11    0.17453 
     61.13    0.16862 
     61.15    0.14968 
     61.17     0.1653 
     61.19    0.17055 
     61.21    0.16418 
     61.23    0.14085 
     61.25    0.12859 
     61.27    0.12797 
     61.29    0.14924 
     61.31    0.17865 
     61.33    0.17849 
     61.35    0.17357 
     61.37    0.16641 
     61.39    0.15878 
     61.41    0.16104 
     61.43    0.15729 
     61.45    0.13877 
     61.47    0.12082 
     61.49    0.10691 
     61.51    0.09703 
     61.53    0.09897 
     61.55    0.10461 
     61.57    0.12367 
     61.59    0.15736 
     61.61    0.17272 
     61.63    0.16387 
     61.65    0.20834 
     61.67    0.20821 
     61.69    0.18407 
     61.71    0.18268 
     61.73    0.21121 
     61.75    0.24398 
     61.77    0.25956 
     61.79    0.25415 
     61.81    0.25484 
     61.83    0.24081 
     61.85    0.24517 
     61.87      0.226 
     61.89    0.19519 
     61.91    0.14756 
     61.93    0.12521 
     61.95    0.12734 
     61.97    0.09558 
     61.99    0.08885 
     62.01    0.05547 
     62.03    0.06733 
     62.05    0.08339 
     62.07    0.11424 
     62.09    0.11613 
     62.11    0.09983 
     62.13    0.11847 
     62.15    0.10867 
     62.17    0.08505 
     62.19    0.12523 
     62.21    0.14671 
     62.23    0.14108 
     62.25    0.13659 
     62.27    0.13038 
     62.29    0.13962 
     62.31    0.10398 
     62.33    0.09469 
     62.35     0.0661 
     62.37     0.0719 
     62.39    0.06748 
     62.41    0.07736 
     62.43    0.09034 
     62.45    0.08354 
     62.47    0.08536 
     62.49    0.10027 
     62.51    0.13335 
     62.53    0.12397 
     62.55    0.12306 
     62.57    0.10292 
     62.59    0.08559 
     62.61    0.09337 
     62.63    0.08681 
     62.65    0.06737 
     62.67    0.08035 
     62.69    0.07907 
     62.71    0.09625 
     62.73    0.09117 
     62.75    0.10672 
     62.77     0.1215 
     62.79    0.10677 
     62.81    0.12558 
     62.83     0.1525 
     62.85    0.17371 
     62.87    0.17609 
     62.89    0.18686 
     62.91     0.1898 
     62.93    0.15219 
     62.95    0.11441 
     62.97     0.1238 
     62.99    0.09998 
     63.01    0.07555 
     63.03    0.09555 
     63.05    0.11317 
     63.07    0.12275 
     63.09    0.14541 
     63.11    0.16878 
     63.13     0.1864 
     63.15    0.17326 
     63.17    0.21559 
     63.19    0.23336 
     63.21    0.23124 
     63.23     0.2296 
     63.25    0.20955 
     63.27    0.19386 
     63.29    0.18393 
     63.31    0.16715 
     63.33    0.16705 
     63.35    0.12295 
     63.37    0.09255 
     63.39       0.07 
     63.41     0.0369 
     63.43    0.04637 
     63.45    0.07152 
     63.47    0.06338 
     63.49    0.05612 
     63.51    0.07106 
     63.53    0.10023 
     63.55    0.06933 
     63.57    0.06781 
     63.59    0.06907 
     63.61    0.08375 
     63.63    0.09106 
     63.65    0.19131 
     63.67    0.19656 
     63.69    0.22241 
     63.71     0.2384 
     63.73    0.31276 
     63.75     0.3971 
     63.77    0.45326 
     63.79    0.47893 
     63.81    0.56485 
     63.83    0.53855 
     63.85    0.56055 
     63.87     0.6028 
     63.89    0.63119 
     63.91    0.65915 
     63.93    0.69122 
     63.95    0.71109 
     63.97    0.75772 
     63.99     0.7964 
     64.01    0.85655 
     64.03    0.89501 
     64.05    0.99699 
     64.07    1.13703 
     64.09    1.29512 
     64.11    1.39379 
     64.13    1.49351 
     64.15    1.65269 
     64.17    1.87827 
     64.19    2.07544 
     64.21     2.2848 
     64.23    2.56618 
     64.25    2.83666 
     64.27    3.09686 
     64.29    3.43055 
     64.31    3.88794 
     64.33     4.3026 
     64.35    4.82923 
     64.37    5.37423 
     64.39    6.13709 
     64.41    6.85097 
     64.43    7.76265 
     64.45    8.68649 
     64.47     9.7213 
     64.49   10.86029 
     64.51   12.22843 
     64.53   13.52381 
     64.55   14.89819 
     64.57   16.28723 
     64.59   17.63687 
     64.61   19.05314 
     64.63   20.40899 
     64.65   21.38375 
     64.67   22.35512 
     64.69   23.07905 
     64.71   23.80852 
     64.73   24.19183 
     64.75   24.33335 
     64.77   24.43695 
     64.79   24.18824 
     64.81   23.59097 
     64.83   23.10626 
     64.85    22.2683 
     64.87   21.37054 
     64.89    20.1125 
     64.91   18.93378 
     64.93   17.63416 
     64.95   16.24426 
     64.97   14.90523 
     64.99   13.66766 
     65.01   12.19824 
     65.03   10.98847 
     65.05    9.81232 
     65.07    8.78257 
     65.09    7.81517 
     65.11    6.78074 
     65.13    5.88106 
     65.15    5.27218 
     65.17    4.58213 
     65.19    4.15533 
     65.21    3.66869 
     65.23    3.31824 
     65.25    3.06426 
     65.27    2.68379 
     65.29    2.56018 
     65.31    2.45483 
     65.33    2.19974 
     65.35    2.08013 
     65.37    1.87508 
     65.39    1.77473 
     65.41    1.66533 
     65.43    1.44287 
     65.45     1.3666 
     65.47    1.20278 
     65.49    1.05225 
     65.51    0.98207 
     65.53    0.89977 
     65.55    0.92582 
     65.57    0.81749 
     65.59    0.75949 
     65.61    0.79935 
     65.63     0.7209 
     65.65    0.68344 
     65.67    0.63908 
     65.69    0.61771 
     65.71     0.5439 
     65.73    0.43551 
     65.75     0.4053 
     65.77    0.38716 
     65.79    0.32243 
     65.81    0.33395 
     65.83    0.32153 
     65.85    0.30049 
     65.87    0.28613 
     65.89    0.29046 
     65.91    0.29566 
     65.93    0.29126 
     65.95    0.27832 
     65.97    0.29259 
     65.99    0.24841 
     66.01    0.27091 
     66.03    0.26376 
     66.05    0.22758 
     66.07    0.24838 
     66.09     0.2138 
     66.11    0.18034 
     66.13    0.16169 
     66.15     0.1264 
     66.17    0.13522 
     66.19    0.10774 
     66.21    0.06714 
     66.23    0.08635 
     66.25    0.08396 
     66.27    0.10583 
     66.29    0.12303 
     66.31    0.14498 
     66.33    0.14633 
     66.35    0.12718 
     66.37    0.13686 
     66.39    0.14975 
     66.41    0.17215 
     66.43    0.17613 
     66.45    0.16502 
     66.47    0.16417 
     66.49    0.13309 
     66.51    0.12663 
     66.53    0.12156 
     66.55    0.13033 
     66.57    0.12073 
     66.59    0.11672 
     66.61    0.09628 
     66.63     0.1135 
     66.65    0.08392 
     66.67    0.10484 
     66.69    0.10209 
     66.71    0.11084 
     66.73    0.13034 
     66.75    0.13435 
     66.77    0.13992 
     66.79    0.14067 
     66.81    0.12813 
     66.83    0.10182 
     66.85    0.11042 
     66.87    0.08452 
     66.89    0.08862 
     66.91    0.07891 
     66.93    0.04351 
     66.95    0.04017 
     66.97    0.02454 
     66.99    0.02745 
     67.01    0.01934 
     67.03    0.03479 
     67.05    0.04864 
     67.07    0.05685 
     67.09    0.04402 
     67.11    0.04235 
     67.13    0.04975 
     67.15    0.09445 
     67.17    0.09615 
     67.19     0.1067 
     67.21    0.14913 
     67.23    0.16137 
     67.25    0.18928 
     67.27    0.19992 
     67.29    0.21517 
     67.31     0.1859 
     67.33    0.18452 
     67.35    0.18675 
     67.37    0.18657 
     67.39    0.17904 
     67.41    0.15622 
     67.43    0.12282 
     67.45    0.08056 
     67.47    0.06386 
     67.49    0.06601 
     67.51    0.08418 
     67.53    0.08524 
     67.55    0.06406 
     67.57    0.05651 
     67.59    0.06076 
     67.61    0.09868 
     67.63    0.12533 
     67.65    0.15112 
     67.67    0.17404 
     67.69    0.19717 
     67.71    0.19835 
     67.73    0.22303 
     67.75    0.21519 
     67.77    0.20104 
     67.79    0.18934 
     67.81    0.20626 
     67.83    0.22805 
     67.85    0.21478 
     67.87    0.18167 
     67.89    0.17565 
     67.91    0.13279 
     67.93     0.1611 
     67.95    0.18106 
     67.97    0.18614 
     67.99    0.21004 
     68.01    0.20762 
     68.03    0.17707 
     68.05    0.21098 
     68.07    0.21427 
     68.09    0.23301 
     68.11    0.22982 
     68.13    0.19598 
     68.15    0.17221 
     68.17    0.17528 
     68.19    0.15181 
     68.21    0.17575 
     68.23    0.15271 
     68.25    0.13367 
     68.27    0.14164 
     68.29    0.13452 
     68.31    0.14858 
     68.33    0.16864 
     68.35    0.16818 
     68.37    0.20841 
     68.39    0.18874 
     68.41    0.22307 
     68.43    0.22999 
     68.45    0.23647 
     68.47    0.24477 
     68.49    0.25554 
     68.51    0.21947 
     68.53    0.22397 
     68.55    0.21884 
     68.57    0.21222 
     68.59     0.2016 
     68.61    0.15958 
     68.63    0.16505 
     68.65    0.16861 
     68.67    0.14986 
     68.69    0.16128 
     68.71    0.13474 
     68.73    0.10806 
     68.75    0.10942 
     68.77    0.10282 
     68.79    0.13233 
     68.81     0.1648 
     68.83    0.13931 
     68.85    0.14929 
     68.87    0.14644 
     68.89    0.16129 
     68.91    0.17951 
     68.93    0.17321 
     68.95    0.15196 
     68.97    0.17717 
     68.99    0.15129 
     69.01    0.15225 
     69.03    0.18181 
     69.05     0.1665 
     69.07    0.14889 
     69.09    0.13078 
     69.11    0.13592 
     69.13    0.16087 
     69.15    0.17298 
     69.17     0.1781 
     69.19    0.16026 
     69.21    0.15548 
     69.23    0.16019 
     69.25    0.18063 
     69.27     0.2057 
     69.29    0.22472 
     69.31     0.2194 
     69.33     0.2321 
     69.35    0.24327 
     69.37    0.23063 
     69.39    0.25224 
     69.41    0.25483 
     69.43    0.23837 
     69.45    0.23467 
     69.47    0.20795 
     69.49    0.18605 
     69.51     0.1686 
     69.53    0.16829 
     69.55    0.15694 
     69.57    0.18503 
     69.59     0.1862 
     69.61    0.18111 
     69.63    0.16391 
     69.65    0.14745 
     69.67    0.13393 
     69.69     0.1268 
     69.71    0.15048 
     69.73    0.15331 
     69.75    0.17687 
     69.77    0.16757 
     69.79    0.17565 
     69.81    0.19587 
     69.83    0.20163 
     69.85    0.22497 
     69.87    0.24995 
     69.89     0.2643 
     69.91    0.23993 
     69.93    0.25112 
     69.95    0.24756 
     69.97    0.24057 
     69.99    0.23208 
     70.01    0.23555 
     70.03    0.22551 
     70.05    0.22465 
     70.07    0.19398 
     70.09    0.15259 
     70.11     0.1648 
     70.13    0.15849 
     70.15    0.16521 
     70.17    0.14408 
     70.19    0.15924 
     70.21    0.16584 
     70.23    0.15336 
     70.25    0.13371 
     70.27    0.14669 
     70.29    0.14563 
     70.31    0.13308 
     70.33    0.16314 
     70.35    0.14874 
     70.37     0.1636 
     70.39    0.15056 
     70.41     0.1472 
     70.43    0.15372 
     70.45    0.14983 
     70.47    0.13975 
     70.49    0.15853 
     70.51    0.16867 
     70.53    0.16389 
     70.55    0.18128 
     70.57    0.15934 
     70.59    0.18508 
     70.61     0.2012 
     70.63    0.17013 
     70.65    0.16135 
     70.67    0.17813 
     70.69    0.19107 
     70.71    0.18145 
     70.73    0.18938 
     70.75    0.17114 
     70.77    0.16928 
     70.79    0.16745 
     70.81    0.13342 
     70.83    0.13489 
     70.85    0.14355 
     70.87    0.14674 
     70.89    0.14934 
     70.91    0.16783 
     70.93    0.14389 
     70.95    0.16144 
     70.97     0.1736 
     70.99    0.17303 
     71.01    0.20098 
     71.03    0.19327 
     71.05     0.1541 
     71.07    0.15726 
     71.09    0.15368 
     71.11    0.12043 
     71.13    0.16961 
     71.15     0.1756 
     71.17    0.16082 
     71.19     0.1759 
     71.21    0.13932 
     71.23     0.1514 
     71.25     0.1584 
     71.27    0.16447 
     71.29    0.15682 
     71.31    0.19325 
     71.33    0.19258 
     71.35    0.19915 
     71.37    0.21174 
     71.39    0.21203 
     71.41    0.25891 
     71.43    0.29587 
     71.45    0.30206 
     71.47    0.30077 
     71.49     0.3043 
     71.51     0.2699 
     71.53    0.27896 
     71.55    0.27418 
     71.57    0.25358 
     71.59     0.2621 
     71.61    0.25531 
     71.63    0.22075 
     71.65    0.18334 
     71.67    0.16801 
     71.69    0.15148 
     71.71    0.16072 
     71.73    0.13327 
     71.75    0.13162 
     71.77    0.11448 
     71.79    0.12263 
     71.81    0.11847 
     71.83    0.11082 
     71.85    0.14422 
     71.87     0.1792 
     71.89    0.21295 
     71.91    0.20463 
     71.93    0.20252 
     71.95    0.18774 
     71.97    0.18162 
     71.99    0.19484 
     72.01    0.21096 
     72.03     0.1899 
     72.05    0.20098 
     72.07    0.18392 
     72.09    0.16823 
     72.11    0.15358 
     72.13    0.14926 
     72.15    0.15347 
     72.17    0.18734 
     72.19    0.17658 
     72.21    0.14674 
     72.23    0.16135 
     72.25    0.14027 
     72.27    0.14331 
     72.29    0.12682 
     72.31     0.1408 
     72.33    0.14873 
     72.35    0.13483 
     72.37    0.09602 
     72.39    0.06108 
     72.41    0.05099 
     72.43    0.04259 
     72.45     0.0304 
     72.47    0.06155 
     72.49    0.04721 
     72.51    0.03685 
     72.53       0.05 
     72.55    0.06483 
     72.57    0.09494 
     72.59    0.14092 
     72.61    0.16145 
     72.63    0.17646 
     72.65    0.16796 
     72.67    0.17706 
     72.69     0.1622 
     72.71    0.19397 
     72.73    0.19296 
     72.75    0.18556 
     72.77     0.1812 
     72.79    0.16509 
     72.81    0.15052 
     72.83    0.13152 
     72.85    0.12144 
     72.87    0.11237 
     72.89    0.11268 
     72.91    0.09421 
     72.93    0.06749 
     72.95    0.06035 
     72.97    0.04339 
     72.99    0.04357 
     73.01    0.07263 
     73.03    0.09567 
     73.05    0.09672 
     73.07    0.11682 
     73.09    0.10385 
     73.11    0.09709 
     73.13     0.0941 
     73.15    0.10841 
     73.17     0.0939 
     73.19    0.11229 
     73.21    0.09841 
     73.23     0.0876 
     73.25     0.1026 
     73.27    0.09337 
     73.29    0.09044 
     73.31    0.09202 
     73.33    0.08496 
     73.35    0.08313 
     73.37    0.09043 
     73.39    0.07918 
     73.41    0.09196 
     73.43    0.10298 
     73.45    0.10497 
     73.47    0.11407 
     73.49    0.13455 
     73.51    0.13973 
     73.53    0.13561 
     73.55    0.11145 
     73.57    0.10186 
     73.59    0.09293 
     73.61    0.09053 
     73.63    0.07696 
     73.65    0.07782 
     73.67    0.07159 
     73.69    0.07367 
     73.71    0.07894 
     73.73    0.07602 
     73.75    0.04774 
     73.77    0.05695 
     73.79    0.08585 
     73.81    0.09926 
     73.83    0.13255 
     73.85    0.13632 
     73.87    0.10407 
     73.89    0.12572 
     73.91    0.14796 
     73.93    0.14697 
     73.95    0.18126 
     73.97    0.19506 
     73.99    0.19373 
     74.01     0.1595 
     74.03    0.14155 
     74.05    0.14206 
     74.07    0.15362 
     74.09     0.1488 
     74.11    0.13307 
     74.13    0.11337 
     74.15    0.10031 
     74.17    0.09914 
     74.19    0.09232 
     74.21      0.088 
     74.23    0.07911 
     74.25    0.09537 
     74.27    0.08617 
     74.29    0.06702 
     74.31     0.0369 
     74.33    0.01742 
     74.35    0.02196 
     74.37    0.07788 
     74.39    0.07713 
     74.41    0.08153 
     74.43    0.09028 
     74.45    0.08869 
     74.47    0.08099 
     74.49    0.08009 
     74.51    0.10764 
     74.53    0.11581 
     74.55    0.13587 
     74.57    0.12248 
     74.59    0.10066 
     74.61    0.09546 
     74.63    0.09145 
     74.65    0.09793 
     74.67    0.10205 
     74.69    0.11583 
     74.71    0.11725 
     74.73    0.10448 
     74.75    0.09536 
     74.77     0.0782 
     74.79    0.06326 
     74.81    0.09293 
     74.83    0.09358 
     74.85    0.08295 
     74.87    0.05214 
     74.89    0.06603 
     74.91    0.07025 
     74.93    0.07462 
     74.95    0.10124 
     74.97    0.12116 
     74.99    0.14487 
     75.01    0.15815 
     75.03    0.13573 
     75.05    0.14236 
     75.07    0.13626 
     75.09    0.14652 
     75.11    0.16975 
     75.13    0.21471 
     75.15      0.241 
     75.17    0.27097 
     75.19    0.27565 
     75.21    0.24975 
     75.23    0.25068 
     75.25    0.25307 
     75.27    0.25733 
     75.29    0.25967 
     75.31    0.21954 
     75.33    0.22264 
     75.35     0.2048 
     75.37    0.22528 
     75.39    0.20657 
     75.41    0.20396 
     75.43    0.21251 
     75.45    0.20174 
     75.47    0.17388 
     75.49    0.14323 
     75.51    0.11541 
     75.53    0.13261 
     75.55    0.11837 
     75.57    0.15341 
     75.59    0.15982 
     75.61    0.16991 
     75.63    0.15154 
     75.65    0.14928 
     75.67    0.15602 
     75.69    0.16387 
     75.71    0.20503 
     75.73    0.20676 
     75.75    0.21611 
     75.77    0.21682 
     75.79    0.21082 
     75.81    0.23005 
     75.83      0.213 
     75.85    0.22817 
     75.87    0.21253 
     75.89    0.17723 
     75.91    0.12572 
     75.93    0.10846 
     75.95    0.10052 
     75.97    0.09218 
     75.99    0.09529 
     76.01    0.09653 
     76.03    0.07533 
     76.05    0.06496 
     76.07    0.02516 
     76.09    0.03601 
     76.11    0.04334 
     76.13    0.10097 
     76.15    0.11269 
     76.17    0.12088 
     76.19    0.12956 
     76.21    0.12311 
     76.23    0.13887 
     76.25    0.15524 
     76.27    0.15965 
     76.29    0.16361 
     76.31    0.14856 
     76.33       0.15 
     76.35    0.10624 
     76.37    0.07188 
     76.39    0.08351 
     76.41    0.10865 
     76.43     0.1127 
     76.45    0.11689 
     76.47    0.10445 
     76.49    0.10445 
     76.51    0.11571 
     76.53    0.12484 
     76.55     0.1314 
     76.57     0.1933 
     76.59    0.25206 
     76.61     0.2658 
     76.63    0.26664 
     76.65    0.33925 
     76.67    0.36578 
     76.69    0.38884 
     76.71    0.43186 
     76.73    0.44912 
     76.75    0.44298 
     76.77    0.48228 
     76.79    0.53722 
     76.81     0.5501 
     76.83     0.5695 
     76.85    0.62632 
     76.87     0.7032 
     76.89     0.7246 
     76.91    0.77028 
     76.93    0.81748 
     76.95    0.88368 
     76.97    0.99462 
     76.99    1.06143 
     77.01    1.09481 
     77.03    1.20948 
     77.05    1.37428 
     77.07    1.45466 
     77.09    1.52011 
     77.11     1.5855 
     77.13    1.74777 
     77.15     1.9245 
     77.17    2.10539 
     77.19    2.26105 
     77.21    2.51413 
     77.23    2.80328 
     77.25    3.14822 
     77.27    3.47857 
     77.29    3.82865 
     77.31    4.31935 
     77.33    4.92128 
     77.35    5.50444 
     77.37     6.1497 
     77.39     6.8975 
     77.41    7.72322 
     77.43    8.56999 
     77.45    9.56969 
     77.47    10.5223 
     77.49    11.6093 
     77.51   12.82195 
     77.53   14.09664 
     77.55   15.25261 
     77.57   16.41163 
     77.59   17.66096 
     77.61   18.85416 
     77.63   20.00141 
     77.65   20.88475 
     77.67   21.70639 
     77.69    22.5249 
     77.71   23.02948 
     77.73   23.30878 
     77.75   23.27705 
     77.77   23.17097 
     77.79   22.84128 
     77.81   22.28673 
     77.83   21.42397 
     77.85   20.47178 
     77.87   19.44193 
     77.89   18.25444 
     77.91   16.91083 
     77.93   15.58159 
     77.95   14.12826 
     77.97   12.89191 
     77.99    11.7013 
     78.01   10.54975 
     78.03    9.42898 
     78.05    8.45442 
     78.07    7.70573 
     78.09    6.88997 
     78.11     6.2781 
     78.13     5.7075 
     78.15    5.33323 
     78.17    4.98314 
     78.19    4.58844 
     78.21    4.17783 
     78.23    3.87735 
     78.25    3.67956 
     78.27    3.39955 
     78.29    3.12105 
     78.31    2.79119 
     78.33    2.58796 
     78.35    2.36103 
     78.37    1.99306 
     78.39    1.62092 
     78.41    1.35594 
     78.43    1.15078 
     78.45     0.9884 
     78.47    0.82535 
     78.49    0.71497 
     78.51     0.6605 
     78.53    0.59965 
     78.55    0.59986 
     78.57    0.55737 
     78.59    0.60859 
     78.61    0.66242 
     78.63    0.65779 
     78.65     0.6506 
     78.67    0.63044 
     78.69    0.59906 
     78.71    0.64193 
     78.73    0.59248 
     78.75    0.51273 
     78.77    0.43046 
     78.79    0.35407 
     78.81    0.30578 
     78.83    0.20087 
     78.85    0.10887 
     78.87    0.04741 
     78.89    0.05712 
     78.91     0.0221 
     78.93          0 
     78.95          0 
     78.97    0.03947 
     78.99     0.0787 
     79.01    0.09206 
     79.03    0.14739 
     79.05    0.15975 
     79.07    0.21256 
     79.09    0.22568 
     79.11    0.18843 
     79.13    0.20675 
     79.15    0.19836 
     79.17    0.21014 
     79.19    0.21362 
     79.21    0.16466 
     79.23    0.12911 
     79.25    0.14808 
     79.27    0.12346 
     79.29    0.08974 
     79.31    0.05011 
     79.33     0.0362 
     79.35      0.049 
     79.37    0.06778 
     79.39    0.05872 
     79.41    0.05075 
     79.43     0.0496 
     79.45    0.08957 
     79.47    0.10736 
     79.49    0.08331 
     79.51    0.09485 
     79.53    0.10414 
     79.55    0.14653 
     79.57    0.14736 
     79.59    0.13248 
     79.61    0.15289 
     79.63    0.15587 
     79.65    0.15603 
     79.67    0.13309 
     79.69    0.09125 
     79.71    0.08935 
     79.73     0.1207 
     79.75    0.10414 
     79.77     0.0763 
     79.79    0.06407 
     79.81    0.08046 
     79.83    0.09788 
     79.85    0.08923 
     79.87    0.08307 
     79.89    0.09295 
     79.91    0.08335 
     79.93    0.12328 
     79.95    0.12519 
     79.97    0.11222 
     79.99    0.11175 
     80.01    0.14554 
     80.03    0.16183 
     80.05    0.14627 
     80.07    0.14524 
     80.09    0.15061 
     80.11    0.12853 
     80.13    0.13542 
     80.15    0.12412 
     80.17    0.10736 
     80.19     0.1214 
     80.21    0.15303 
     80.23    0.16074 
     80.25    0.14512 
     80.27    0.12643 
     80.29     0.1536 
     80.31     0.1496 
     80.33    0.15756 
     80.35    0.17023 
     80.37    0.16207 
     80.39    0.14905 
     80.41    0.17635 
     80.43    0.16688 
     80.45    0.16711 
     80.47    0.14064 
     80.49    0.18254 
     80.51    0.19839 
     80.53    0.17885 
     80.55    0.18723 
     80.57    0.16512 
     80.59    0.15099 
     80.61    0.15143 
     80.63    0.14294 
     80.65    0.11682 
     80.67    0.12351 
     80.69    0.12674 
     80.71    0.10632 
     80.73    0.06009 
     80.75    0.04333 
     80.77    0.08926 
     80.79    0.07594 
     80.81     0.1135 
     80.83    0.10813 
     80.85    0.10288 
     80.87     0.1082 
     80.89    0.14128 
     80.91    0.17332 
     80.93     0.1842 
     80.95    0.20905 
     80.97    0.28552 
     80.99    0.33042 
     81.01    0.29045 
     81.03    0.31454 
     81.05    0.33512 
     81.07    0.33072 
     81.09    0.33205 
     81.11     0.3571 
     81.13    0.32592 
     81.15    0.33695 
     81.17    0.33194 
     81.19    0.30426 
     81.21     0.3063 
     81.23    0.31501 
     81.25    0.35906 
     81.27    0.37193 
     81.29    0.41104 
     81.31    0.42265 
     81.33    0.42368 
     81.35    0.49094 
     81.37    0.60226 
     81.39     0.6623 
     81.41    0.72956 
     81.43    0.88988 
     81.45    1.00207 
     81.47    1.12655 
     81.49    1.21215 
     81.51    1.48838 
     81.53    1.67802 
     81.55    1.89583 
     81.57      2.135 
     81.59    2.39482 
     81.61    2.61417 
     81.63    2.97447 
     81.65     3.2849 
     81.67    3.59456 
     81.69    3.90249 
     81.71    4.24712 
     81.73    4.60146 
     81.75    4.86362 
     81.77    5.11488 
     81.79    5.29676 
     81.81     5.4702 
     81.83    5.63164 
     81.85    5.69835 
     81.87    5.68676 
     81.89    5.69919 
     81.91    5.70853 
     81.93    5.54081 
     81.95    5.40917 
     81.97    5.19837 
     81.99    5.04975 
     82.01    4.77539 
     82.03    4.52918 
     82.05    4.19187 
     82.07    3.86316 
     82.09    3.56217 
     82.11    3.34681 
     82.13    3.05381 
     82.15    2.76736 
     82.17    2.53525 
     82.19    2.32654 
     82.21    2.09158 
     82.23    1.78957 
     82.25     1.5851 
     82.27     1.3381 
     82.29    1.18077 
     82.31    1.00295 
     82.33    0.88538 
     82.35    0.78201 
     82.37    0.72932 
     82.39    0.64157 
     82.41    0.52882 
     82.43    0.48679 
     82.45    0.40297 
     82.47    0.40498 
     82.49    0.38711 
     82.51    0.36529 
     82.53     0.3205 
     82.55     0.2885 
     82.57    0.29799 
     82.59     0.2997 
     82.61    0.31258 
     82.63     0.2906 
     82.65    0.30743 
     82.67    0.28164 
     82.69    0.27412 
     82.71    0.25277 
     82.73    0.26533 
     82.75    0.23186 
     82.77    0.25076 
     82.79     0.2481 
     82.81    0.26457 
     82.83     0.2471 
     82.85    0.23618 
     82.87    0.19606 
     82.89    0.17527 
     82.91     0.1443 
     82.93    0.12245 
     82.95    0.12158 
     82.97    0.09655 
     82.99    0.10718 
     83.01    0.07856 
     83.03    0.06009 
     83.05    0.04566 
     83.07     0.0638 
     83.09    0.07569 
     83.11    0.10638 
     83.13    0.14873 
     83.15    0.17352 
     83.17    0.19949 
     83.19    0.21329 
     83.21    0.21711 
     83.23    0.22327 
     83.25    0.24733 
     83.27    0.24428 
     83.29    0.24138 
     83.31    0.22804 
     83.33    0.20051 
     83.35    0.16989 
     83.37    0.14593 
     83.39    0.15079 
     83.41    0.14527 
     83.43    0.13666 
     83.45    0.13941 
     83.47    0.16939 
     83.49    0.16438 
     83.51    0.18155 
     83.53    0.22453 
     83.55    0.25857 
     83.57    0.27248 
     83.59     0.3257 
     83.61    0.35319 
     83.63    0.36777 
     83.65    0.35871 
     83.67    0.35745 
     83.69    0.36858 
     83.71    0.35733 
     83.73     0.3435 
     83.75    0.31628 
     83.77    0.28326 
     83.79    0.24734 
     83.81    0.23088 
     83.83    0.22805 
     83.85     0.2007 
     83.87    0.19699 
     83.89    0.16152 
     83.91    0.16381 
     83.93    0.16623 
     83.95    0.16502 
     83.97    0.18736 
     83.99    0.22281 
     84.01    0.26106 
     84.03    0.27192 
     84.05    0.31319 
     84.07    0.35805 
     84.09    0.38208 
     84.11    0.40318 
     84.13    0.40723 
     84.15    0.42485 
     84.17    0.41301 
     84.19    0.39656 
     84.21    0.37981 
     84.23    0.34171 
     84.25    0.29717 
     84.27    0.28531 
     84.29    0.25561 
     84.31    0.20835 
     84.33    0.16518 
     84.35      0.129 
     84.37    0.09671 
     84.39     0.0883 
     84.41    0.05996 
     84.43       0.07 
     84.45    0.08892 
     84.47     0.1201 
     84.49    0.14277 
     84.51    0.18441 
     84.53    0.20863 
     84.55    0.21479 
     84.57    0.23956 
     84.59    0.26811 
     84.61    0.29081 
     84.63    0.30405 
     84.65    0.28714 
     84.67     0.2936 
     84.69       0.27 
     84.71    0.24844 
     84.73    0.21853 
     84.75    0.19839 
     84.77    0.12415 
     84.79    0.13088 
     84.81    0.14518 
     84.83    0.12778 
     84.85      0.106 
     84.87    0.09959 
     84.89    0.08233 
     84.91    0.11326 
     84.93    0.13749 
     84.95    0.16519 
     84.97    0.19773 
     84.99    0.21097 
     85.01     0.2395 
     85.03    0.27763 
     85.05    0.28279 
     85.07    0.27781 
     85.09      0.285 
     85.11    0.28137 
     85.13    0.27417 
     85.15    0.27907 
     85.17     0.2331 
     85.19    0.19936 
     85.21    0.14872 
     85.23    0.10465 
     85.25    0.09923 
     85.27    0.10519 
     85.29    0.06521 
     85.31    0.03842 
     85.33    0.02871 
     85.35    0.02803 
     85.37    0.03071 
     85.39    0.04551 
     85.41    0.07331 
     85.43    0.10764 
     85.45    0.12277 
     85.47    0.15073 
     85.49    0.19531 
     85.51    0.19949 
     85.53    0.21873 
     85.55    0.25594 
     85.57    0.28975 
     85.59    0.29816 
     85.61    0.33027 
     85.63    0.34413 
     85.65    0.32856 
     85.67    0.31808 
     85.69    0.29683 
     85.71    0.28051 
     85.73    0.27951 
     85.75    0.23539 
     85.77    0.22362 
     85.79    0.23125 
     85.81    0.21971 
     85.83    0.19778 
     85.85    0.18995 
     85.87    0.15249 
     85.89    0.14969 
     85.91    0.14083 
     85.93    0.12592 
     85.95    0.14189 
     85.97     0.1497 
     85.99    0.15293 
     86.01    0.16942 
     86.03    0.14802 
     86.05    0.14391 
     86.07     0.1533 
     86.09    0.18292 
     86.11    0.19194 
     86.13    0.18268 
     86.15    0.19367 
     86.17    0.20045 
     86.19    0.21491 
     86.21    0.21406 
     86.23    0.21648 
     86.25    0.22375 
     86.27    0.22477 
     86.29    0.22177 
     86.31    0.24573 
     86.33     0.2399 
     86.35    0.23344 
     86.37    0.23372 
     86.39    0.23761 
     86.41    0.23524 
     86.43    0.21979 
     86.45     0.2144 
     86.47    0.19476 
     86.49    0.18904 
     86.51    0.17025 
     86.53     0.1739 
     86.55    0.16823 
     86.57    0.15147 
     86.59    0.12448 
     86.61    0.12311 
     86.63    0.12089 
     86.65    0.12247 
     86.67    0.11584 
     86.69    0.07721 
     86.71    0.08333 
     86.73    0.06241 
     86.75    0.08417 
     86.77    0.10125 
     86.79    0.12209 
     86.81    0.12139 
     86.83    0.14458 
     86.85    0.15649 
     86.87    0.15765 
     86.89    0.15677 
     86.91    0.16927 
     86.93    0.19187 
     86.95    0.21591 
     86.97    0.22539 
     86.99    0.21965 
     87.01    0.21831 
     87.03    0.19742 
     87.05    0.17723 
     87.07    0.16767 
     87.09    0.17493 
     87.11    0.14639 
     87.13    0.14289 
     87.15    0.12989 
     87.17    0.11171 
     87.19    0.10087 
     87.21    0.09874 
     87.23    0.12459 
     87.25    0.11412 
     87.27    0.12559 
     87.29    0.11576 
     87.31    0.13022 
     87.33    0.14067 
     87.35    0.14352 
     87.37    0.13212 
     87.39     0.1533 
     87.41     0.1608 
     87.43    0.14392 
     87.45    0.14852 
     87.47    0.12362 
     87.49    0.12368 
     87.51    0.11575 
     87.53    0.12317 
     87.55    0.13617 
     87.57    0.13984 
     87.59    0.13302 
     87.61    0.13168 
     87.63    0.12031 
     87.65    0.11798 
     87.67    0.11452 
     87.69     0.1311 
     87.71    0.13952 
     87.73    0.13543 
     87.75    0.13159 
     87.77    0.11647 
     87.79    0.12053 
     87.81    0.08482 
     87.83    0.06589 
     87.85    0.03972 
     87.87    0.05812 
     87.89    0.04282 
     87.91     0.0344 
     87.93    0.05042 
     87.95    0.03094 
     87.97     0.0601 
     87.99    0.05327 
     88.01    0.05568 
     88.03    0.05717 
     88.05    0.05104 
     88.07    0.06332 
     88.09    0.07185 
     88.11    0.07411 
     88.13    0.09069 
     88.15    0.09277 
     88.17    0.11826 
     88.19    0.13225 
     88.21    0.11273 
     88.23    0.11792 
     88.25    0.10693 
     88.27    0.11367 
     88.29    0.10404 
     88.31    0.11272 
     88.33    0.11734 
     88.35    0.12215 
     88.37    0.11738 
     88.39    0.12003 
     88.41    0.11974 
     88.43    0.12016 
     88.45    0.11951 
     88.47    0.10989 
     88.49    0.11064 
     88.51    0.09917 
     88.53    0.10678 
     88.55    0.10002 
     88.57    0.09351 
     88.59    0.07889 
     88.61    0.08568 
     88.63    0.07482 
     88.65     0.0859 
     88.67    0.06235 
     88.69    0.05157 
     88.71    0.04834 
     88.73    0.06014 
     88.75     0.0653 
     88.77    0.06368 
     88.79    0.06327 
     88.81    0.05985 
     88.83    0.07011 
     88.85    0.06527 
     88.87    0.05781 
     88.89    0.05942 
     88.91    0.07202 
     88.93    0.06415 
     88.95    0.08871 
     88.97    0.08945 
     88.99    0.09327 
     89.01    0.09492 
     89.03    0.10679 
     89.05    0.12329 
     89.07    0.12719 
     89.09    0.13456 
     89.11    0.12473 
     89.13    0.14696 
     89.15    0.13157 
     89.17    0.13431 
     89.19    0.13535 
     89.21    0.16516 
     89.23    0.16384 
     89.25     0.1634 
     89.27    0.13662 
     89.29    0.13046 
     89.31    0.13455 
     89.33    0.11909 
     89.35    0.10467 
     89.37    0.10884 
     89.39    0.12265 
     89.41      0.107 
     89.43    0.13022 
     89.45    0.10589 
     89.47    0.10862 
     89.49    0.07705 
     89.51    0.08303 
     89.53     0.0711 
     89.55    0.06307 
     89.57    0.07289 
     89.59    0.05364 
     89.61    0.07698 
     89.63     0.0759 
     89.65    0.08062 
     89.67    0.10326 
     89.69    0.11505 
     89.71    0.11309 
     89.73    0.11056 
     89.75    0.11201 
     89.77    0.13444 
     89.79    0.13692 
     89.81     0.1559 
     89.83    0.16836 
     89.85    0.18341 
     89.87    0.19771 
     89.89    0.19352 
     89.91    0.19297 
     89.93    0.16816 
     89.95      0.161 
     89.97    0.13545 
     89.99    0.13413 
     90.01    0.11428 
     90.03    0.10268 
     90.05    0.09578 
     90.07    0.09399 
     90.09    0.08587 
     90.11    0.06791 
     90.13    0.05542 
     90.15    0.04596 
     90.17    0.02767 
     90.19    0.03219 
     90.21    0.05322 
     90.23    0.06617 
     90.25    0.05843 
     90.27    0.08701 
     90.29    0.12213 
     90.31    0.15089 
     90.33    0.17171 
     90.35    0.17623 
     90.37     0.1968 
     90.39    0.20055 
     90.41    0.21557 
     90.43    0.23377 
     90.45    0.23225 
     90.47    0.21516 
     90.49     0.1999 
     90.51    0.21604 
     90.53    0.21607 
     90.55    0.21436 
     90.57    0.19622 
     90.59    0.18679 
     90.61    0.15054 
     90.63    0.15393 
     90.65    0.14516 
     90.67    0.17237 
     90.69    0.20282 
     90.71    0.19082 
     90.73    0.19548 
     90.75    0.21583 
     90.77    0.23772 
     90.79    0.21445 
     90.81    0.21114 
     90.83    0.21688 
     90.85    0.21983 
     90.87    0.21061 
     90.89    0.21252 
     90.91    0.20726 
     90.93    0.19174 
     90.95     0.1669 
     90.97    0.13847 
     90.99    0.12866 
     91.01    0.10607 
     91.03    0.07568 
     91.05     0.0496 
     91.07    0.03768 
     91.09    0.01973 
     91.11    0.04784 
     91.13    0.04825 
     91.15    0.05044 
     91.17     0.0693 
     91.19    0.05834 
     91.21    0.07635 
     91.23    0.07814 
     91.25    0.09069 
     91.27    0.09905 
     91.29    0.12389 
     91.31    0.14122 
     91.33    0.12926 
     91.35    0.14361 
     91.37    0.15806 
     91.39    0.16736 
     91.41     0.1559 
     91.43    0.16406 
     91.45    0.16564 
     91.47    0.17916 
     91.49    0.19271 
     91.51    0.20816 
     91.53     0.2368 
     91.55    0.26225 
     91.57    0.26923 
     91.59    0.29184 
     91.61    0.29771 
     91.63    0.27794 
     91.65    0.30269 
     91.67    0.27394 
     91.69    0.26796 
     91.71    0.26017 
     91.73    0.25505 
     91.75    0.23957 
     91.77    0.19358 
     91.79    0.17941 
     91.81    0.14336 
     91.83    0.12696 
     91.85     0.1177 
     91.87    0.09983 
     91.89    0.09787 
     91.91      0.102 
     91.93    0.10308 
     91.95    0.09456 
     91.97    0.11518 
     91.99    0.11664 
     92.01     0.1269 
     92.03     0.1339 
     92.05     0.1471 
     92.07     0.1584 
     92.09    0.15169 
     92.11    0.14042 
     92.13    0.14366 
     92.15     0.1305 
     92.17    0.12859 
     92.19     0.1342 
     92.21     0.1293 
     92.23    0.12978 
     92.25    0.12701 
     92.27    0.12586 
     92.29    0.11951 
     92.31    0.11787 
     92.33    0.12468 
     92.35    0.11455 
     92.37    0.11063 
     92.39    0.10756 
     92.41    0.11152 
     92.43    0.09369 
     92.45    0.12032 
     92.47    0.13141 
     92.49     0.1513 
     92.51    0.14475 
     92.53    0.14335 
     92.55    0.13567 
     92.57    0.13131 
     92.59    0.13675 
     92.61    0.14799 
     92.63     0.1444 
     92.65    0.14548 
     92.67    0.13792 
     92.69    0.14419 
     92.71    0.13534 
     92.73    0.14296 
     92.75    0.11715 
     92.77    0.11905 
     92.79    0.10821 
     92.81    0.11815 
     92.83    0.12053 
     92.85    0.12551 
     92.87    0.12149 
     92.89    0.11367 
     92.91    0.12601 
     92.93    0.14717 
     92.95    0.14769 
     92.97    0.12489 
     92.99    0.11727 
     93.01    0.13838 
     93.03     0.1402 
     93.05    0.15193 
     93.07    0.14446 
     93.09    0.16511 
     93.11     0.1481 
     93.13    0.13366 
     93.15    0.13372 
     93.17    0.16166 
     93.19     0.1639 
     93.21    0.16948 
     93.23    0.15279 
     93.25    0.15043 
     93.27      0.147 
     93.29     0.1618 
     93.31    0.14108 
     93.33    0.13822 
     93.35    0.11949 
     93.37     0.1275 
     93.39    0.10795 
     93.41    0.10897 
     93.43    0.11337 
     93.45    0.11452 
     93.47    0.13112 
     93.49    0.14171 
     93.51    0.12894 
     93.53    0.12841 
     93.55    0.14865 
     93.57    0.17158 
     93.59    0.15823 
     93.61    0.17192 
     93.63    0.18115 
     93.65    0.17249 
     93.67    0.15441 
     93.69    0.15392 
     93.71    0.14677 
     93.73    0.11657 
     93.75     0.1291 
     93.77    0.12164 
     93.79    0.11685 
     93.81     0.1192 
     93.83    0.10956 
     93.85    0.10352 
     93.87     0.0824 
     93.89    0.09206 
     93.91    0.08902 
     93.93    0.09802 
     93.95    0.09186 
     93.97    0.09806 
     93.99     0.1022 
     94.01    0.10645 
     94.03    0.12735 
     94.05    0.11201 
     94.07    0.10586 
     94.09    0.08537 
     94.11    0.09176 
     94.13    0.09395 
     94.15    0.10765 
     94.17    0.12015 
     94.19    0.13571 
     94.21    0.12665 
     94.23    0.14143 
     94.25     0.1258 
     94.27    0.14334 
     94.29    0.13338 
     94.31    0.15085 
     94.33    0.14699 
     94.35     0.1412 
     94.37    0.14997 
     94.39    0.16871 
     94.41    0.16835 
     94.43    0.14953 
     94.45    0.12931 
     94.47    0.11049 
     94.49    0.09617 
     94.51    0.10357 
     94.53    0.09356 
     94.55    0.09643 
     94.57    0.09308 
     94.59    0.12345 
     94.61    0.12901 
     94.63    0.11852 
     94.65    0.11759 
     94.67    0.09471 
     94.69    0.09219 
     94.71     0.1067 
     94.73    0.13303 
     94.75    0.15532 
     94.77    0.18473 
     94.79    0.20658 
     94.81    0.19975 
     94.83    0.20766 
     94.85    0.21941 
     94.87     0.2051 
     94.89    0.18374 
     94.91     0.1677 
     94.93    0.14187 
     94.95    0.15598 
     94.97    0.15793 
     94.99    0.16403 
     95.01    0.15236 
     95.03    0.13295 
     95.05    0.11527 
     95.07    0.09753 
     95.09    0.06253 
     95.11    0.03101 
     95.13    0.02657 
     95.15    0.01397 
     95.17    0.03231 
     95.19     0.0352 
     95.21    0.04335 
     95.23    0.04458 
     95.25    0.05961 
     95.27    0.02031 
     95.29     0.0204 
     95.31    0.03304 
     95.33    0.05814 
     95.35    0.05042 
     95.37     0.0495 
     95.39    0.08588 
     95.41    0.11174 
     95.43    0.13321 
     95.45    0.14266 
     95.47    0.16539 
     95.49    0.17933 
     95.51    0.19328 
     95.53    0.20892 
     95.55     0.2168 
     95.57    0.23506 
     95.59    0.27595 
     95.61    0.29141 
     95.63    0.27562 
     95.65    0.25854 
     95.67     0.2563 
     95.69    0.26935 
     95.71    0.25675 
     95.73    0.21627 
     95.75    0.18379 
     95.77    0.18665 
     95.79    0.16123 
     95.81    0.15049 
     95.83    0.11705 
     95.85    0.09084 
     95.87    0.11502 
     95.89    0.09047 
     95.91    0.07943 
     95.93    0.07303 
     95.95    0.09097 
     95.97    0.11137 
     95.99    0.10717 
     96.01    0.10512 
     96.03    0.12548 
     96.05    0.14559 
     96.07    0.16358 
     96.09    0.14429 
     96.11    0.12451 
     96.13    0.13176 
     96.15    0.17022 
     96.17     0.1966 
     96.19    0.18371 
     96.21     0.1895 
     96.23    0.19885 
     96.25    0.20285 
     96.27    0.17865 
     96.29    0.17105 
     96.31    0.16905 
     96.33    0.15764 
     96.35    0.16635 
     96.37    0.14004 
     96.39    0.13078 
     96.41    0.11546 
     96.43    0.14055 
     96.45    0.14536 
     96.47    0.11545 
     96.49    0.09212 
     96.51    0.09538 
     96.53    0.07737 
     96.55    0.08421 
     96.57    0.08124 
     96.59    0.11711 
     96.61     0.1568 
     96.63    0.17069 
     96.65    0.18115 
     96.67    0.19245 
     96.69    0.21269 
     96.71    0.21796 
     96.73    0.23745 
     96.75    0.21494 
     96.77     0.2002 
     96.79    0.21512 
     96.81    0.20987 
     96.83    0.20627 
     96.85    0.19705 
     96.87    0.18775 
     96.89     0.1802 
     96.91     0.1829 
     96.93    0.17069 
     96.95     0.1527 
     96.97    0.14337 
     96.99    0.16996 
     97.01    0.17399 
     97.03    0.21467 
     97.05    0.22064 
     97.07    0.25167 
     97.09    0.23197 
     97.11    0.19597 
     97.13    0.21044 
     97.15     0.1945 
     97.17    0.22588 
     97.19    0.24357 
     97.21    0.25504 
     97.23    0.23525 
     97.25       0.26 
     97.27    0.29107 
     97.29    0.30725 
     97.31     0.3106 
     97.33    0.29555 
     97.35    0.27017 
     97.37    0.30124 
     97.39    0.30527 
     97.41    0.34108 
     97.43    0.38039 
     97.45    0.43035 
     97.47    0.47237 
     97.49    0.44472 
     97.51    0.47519 
     97.53    0.45212 
     97.55    0.45368 
     97.57    0.43707 
     97.59    0.43377 
     97.61    0.47961 
     97.63    0.47258 
     97.65    0.52636 
     97.67    0.56429 
     97.69    0.57228 
     97.71    0.60179 
     97.73    0.61821 
     97.75    0.64119 
     97.77    0.63427 
     97.79    0.63426 
     97.81    0.66485 
     97.83    0.75192 
     97.85    0.84952 
     97.87       0.94 
     97.89    1.04436 
     97.91    1.19815 
     97.93     1.3382 
     97.95    1.41515 
     97.97    1.48314 
     97.99    1.63495 
     98.01    1.73344 
     98.03    1.87233 
     98.05    2.00349 
     98.07    2.14429 
     98.09    2.27304 
     98.11    2.32269 
     98.13    2.43424 
     98.15    2.50899 
     98.17    2.51371 
     98.19    2.55615 
     98.21    2.59236 
     98.23    2.55118 
     98.25    2.47903 
     98.27    2.47363 
     98.29    2.47092 
     98.31    2.43061 
     98.33    2.39947 
     98.35    2.37639 
     98.37    2.33047 
     98.39    2.29625 
     98.41    2.19681 
     98.43    2.11121 
     98.45     2.0674 
     98.47    2.03254 
     98.49    1.95332 
     98.51    1.91465 
     98.53    1.83733 
     98.55    1.73196 
     98.57    1.66182 
     98.59    1.59949 
     98.61    1.57399 
     98.63    1.50823 
     98.65    1.39446 
     98.67    1.34719 
     98.69    1.26828 
     98.71    1.08431 
     98.73    0.99648 
     98.75    0.93919 
     98.77    0.85666 
     98.79    0.78074 
     98.81    0.75187 
     98.83    0.69768 
     98.85    0.64247 
     98.87    0.59122 
     98.89    0.56561 
     98.91    0.52974 
     98.93    0.50034 
     98.95    0.43926 
     98.97    0.41872 
     98.99     0.4095 
     99.01    0.36174 
     99.03    0.36126 
     99.05    0.40455 
     99.07     0.4035 
     99.09    0.38424 
     99.11    0.35061 
     99.13    0.32405 
     99.15    0.32111 
     99.17    0.29898 
     99.19    0.21249 
     99.21    0.20911 
     99.23    0.20579 
     99.25     0.1858 
     99.27    0.19637 
     99.29    0.20231 
     99.31     0.1817 
     99.33    0.18085 
     99.35    0.16691 
     99.37    0.14226 
     99.39    0.10952 
     99.41     0.1084 
     99.43    0.11163 
     99.45    0.11646 
     99.47    0.10387 
     99.49    0.05679 
     99.51    0.01563 
     99.53    0.05175 
     99.55    0.05511 
     99.57    0.05084 
     99.59    0.07031 
     99.61    0.08229 
     99.63    0.06832 
     99.65    0.06375 
     99.67    0.04874 
     99.69    0.07384 
     99.71    0.09167 
     99.73    0.11213 
     99.75     0.1227 
     99.77          0 
     99.79          0 
     99.81    0.19244 
     99.83    0.01057 
     99.85    0.13315 
     99.87          0 
     99.89    0.28312 
     99.91          0 
     99.93    0.03515 
     99.95          0 
     99.97    0.03483 
     99.99          0 